"V1" "V2" "V3"
"1" 22 50 99
"2" 21 55 98
"3" 3 60 88
"4" 20 60 88
"5" 4 65 83
"6" 21 62 80
"7" 1 49 73
"8" 22 57 72
"9" 19 71 71
"10" 20 67 70
"11" 30 5 70
"12" 2 55 69
"13" 19 64 69
"14" 23 45 68
"15" 71 30 68
"16" 27 25 66
"17" 25 38 64
"18" 29 12 64
"19" 23 51 62
"20" 3 52 61
"21" 24 39 61
"22" 26 32 61
"23" 5 69 60
"24" 70 23 60
"25" 4 57 58
"26" 6 73 58
"27" 69 16 58
"28" 72 43 58
"29" 5 61 57
"30" 6 65 57
"31" 68 10 57
"32" 2 47 55
"33" 18 68 55
"34" 18 75 55
"35" 28 19 55
"36" 67 3 55
"37" 69 17 54
"38" 7 77 53
"39" 17 71 53
"40" 24 45 52
"41" 17 78 51
"42" 1 43 50
"43" 25 32 50
"44" 28 18 50
"45" 67 2 50
"46" 68 9 50
"47" 24 44 49
"48" 25 33 49
"49" 26 27 48
"50" 71 37 48
"51" 1 41 47
"52" 72 36 47
"53" 8 71 46
"54" 71 36 46
"55" 3 54 45
"56" 7 68 45
"57" 25 39 45
"58" 2 49 44
"59" 16 74 44
"60" 18 67 44
"61" 8 80 43
"62" 10 83 43
"63" 23 44 43
"64" 27 21 43
"65" 27 26 43
"66" 70 24 43
"67" 70 30 43
"68" 71 29 43
"69" 7 76 42
"70" 29 11 42
"71" 4 59 41
"72" 8 79 41
"73" 9 73 41
"74" 16 81 41
"75" 24 38 41
"76" 26 31 41
"77" 27 19 41
"78" 28 12 41
"79" 28 14 41
"80" 30 4 41
"81" 72 37 41
"82" 9 82 40
"83" 10 75 40
"84" 16 80 40
"85" 17 70 40
"86" 20 64 40
"87" 70 29 40
"88" 15 83 39
"89" 22 55 39
"90" 23 49 39
"91" 26 26 39
"92" 29 5 39
"93" 72 42 39
"94" 14 79 38
"95" 17 72 38
"96" 18 69 38
"97" 18 74 38
"98" 19 65 38
"99" 19 68 38
"100" 26 33 38
"101" 30 1 38
"102" 69 23 38
"103" 72 35 38
"104" 11 76 37
"105" 11 84 37
"106" 14 77 37
"107" 15 75 37
"108" 15 76 37
"109" 16 73 37
"110" 18 71 37
"111" 29 8 37
"112" 68 16 37
"113" 2 54 36
"114" 5 64 36
"115" 10 84 36
"116" 11 85 36
"117" 12 84 36
"118" 13 84 36
"119" 14 83 36
"120" 15 82 36
"121" 17 77 36
"122" 67 9 36
"123" 67 10 36
"124" 68 17 36
"125" 69 24 36
"126" 9 81 35
"127" 12 77 35
"128" 13 77 35
"129" 13 79 35
"130" 14 84 35
"131" 15 77 35
"132" 17 74 35
"133" 21 59 35
"134" 28 13 35
"135" 29 10 35
"136" 66 2 35
"137" 66 3 35
"138" 67 6 35
"139" 69 22 35
"140" 5 70 34
"141" 6 68 34
"142" 8 78 34
"143" 11 77 34
"144" 13 85 34
"145" 15 78 34
"146" 15 81 34
"147" 25 34 34
"148" 29 7 34
"149" 9 74 33
"150" 9 80 33
"151" 12 79 33
"152" 12 85 33
"153" 27 20 33
"154" 28 17 33
"155" 67 7 33
"156" 68 13 33
"157" 1 48 32
"158" 7 69 32
"159" 10 82 32
"160" 11 83 32
"161" 13 76 32
"162" 13 80 32
"163" 14 76 32
"164" 14 78 32
"165" 15 74 32
"166" 16 75 32
"167" 16 76 32
"168" 68 14 32
"169" 68 15 32
"170" 1 42 31
"171" 6 74 31
"172" 8 72 31
"173" 12 83 31
"174" 13 78 31
"175" 16 79 31
"176" 23 50 31
"177" 30 3 31
"178" 67 4 31
"179" 68 11 31
"180" 2 48 30
"181" 9 77 30
"182" 10 76 30
"183" 11 79 30
"184" 12 78 30
"185" 12 80 30
"186" 13 83 30
"187" 14 82 30
"188" 27 24 30
"189" 66 1 30
"190" 71 32 30
"191" 72 38 30
"192" 5 63 29
"193" 7 71 29
"194" 7 72 29
"195" 8 75 29
"196" 11 81 29
"197" 11 82 29
"198" 13 82 29
"199" 21 60 29
"200" 24 40 29
"201" 24 46 29
"202" 26 25 29
"203" 28 15 29
"204" 29 9 29
"205" 30 2 29
"206" 67 5 29
"207" 67 8 29
"208" 69 21 29
"209" 71 35 29
"210" 7 74 28
"211" 8 74 28
"212" 9 76 28
"213" 10 77 28
"214" 10 78 28
"215" 10 79 28
"216" 10 80 28
"217" 10 81 28
"218" 11 78 28
"219" 11 80 28
"220" 12 76 28
"221" 12 82 28
"222" 16 72 28
"223" 22 54 28
"224" 26 28 28
"225" 27 22 28
"226" 28 16 28
"227" 29 6 28
"228" 69 19 28
"229" 69 20 28
"230" 70 26 28
"231" 6 67 27
"232" 6 72 27
"233" 9 78 27
"234" 9 79 27
"235" 12 81 27
"236" 16 77 27
"237" 25 37 27
"238" 26 29 27
"239" 27 23 27
"240" 69 18 27
"241" 1 44 26
"242" 4 63 26
"243" 6 66 26
"244" 7 70 26
"245" 8 73 26
"246" 8 76 26
"247" 9 75 26
"248" 20 61 26
"249" 22 51 26
"250" 25 35 26
"251" 68 12 26
"252" 70 27 26
"253" 70 28 26
"254" 2 53 25
"255" 3 58 25
"256" 4 60 25
"257" 4 64 25
"258" 5 62 25
"259" 5 67 25
"260" 5 68 25
"261" 6 71 25
"262" 7 75 25
"263" 8 77 25
"264" 12 86 25
"265" 14 81 25
"266" 20 66 25
"267" 21 57 25
"268" 22 53 25
"269" 23 47 25
"270" 23 48 25
"271" 24 41 25
"272" 24 42 25
"273" 24 43 25
"274" 26 30 25
"275" 70 31 25
"276" 1 45 24
"277" 1 47 24
"278" 3 55 24
"279" 3 59 24
"280" 4 62 24
"281" 5 66 24
"282" 6 69 24
"283" 6 70 24
"284" 7 73 24
"285" 13 81 24
"286" 14 80 24
"287" 14 85 24
"288" 17 73 24
"289" 17 76 24
"290" 19 66 24
"291" 19 70 24
"292" 20 62 24
"293" 21 56 24
"294" 22 56 24
"295" 25 36 24
"296" 70 25 24
"297" 72 39 24
"298" 72 41 24
"299" 2 50 23
"300" 2 51 23
"301" 3 53 23
"302" 3 56 23
"303" 3 57 23
"304" 4 58 23
"305" 14 75 23
"306" 15 79 23
"307" 15 80 23
"308" 18 72 23
"309" 18 73 23
"310" 19 67 23
"311" 19 69 23
"312" 20 63 23
"313" 21 58 23
"314" 22 52 23
"315" 23 46 23
"316" 71 31 23
"317" 71 33 23
"318" 71 34 23
"319" 2 52 22
"320" 4 61 22
"321" 16 78 22
"322" 17 75 22
"323" 18 70 22
"324" 20 65 22
"325" 21 61 22
"326" 72 40 22
"327" 1 46 21
"328" 5 65 21
"329" 19 63 21
"330" 70 22 21
"331" 23 52 20
"332" 13 86 18
"333" 20 59 18
"334" 27 18 17
"335" 29 4 17
"336" 9 83 16
"337" 25 40 16
"338" 72 44 13
"339" 10 74 12
"340" 17 79 12
"341" 28 11 12
"342" 28 20 12
"343" 29 13 11
"344" 2 46 9
"345" 4 56 9
"346" 11 75 9
"347" 1 50 8
"348" 27 27 8
"349" 11 86 7
"350" 30 6 7
"351" 15 84 6
"352" 8 70 5
"353" 19 72 5
"354" 6 64 3
"355" 7 78 3
"356" 10 85 3
"357" 69 15 3
"358" 71 38 3
"359" 8 81 2
"360" 16 82 2
"361" 67 11 2
"362" 68 18 2
"363" 17 69 1
"364" 18 76 1
"365" 25 31 1
"366" 1 1 0
"367" 1 2 0
"368" 1 3 0
"369" 1 4 0
"370" 1 5 0
"371" 1 6 0
"372" 1 7 0
"373" 1 8 0
"374" 1 9 0
"375" 1 10 0
"376" 1 11 0
"377" 1 12 0
"378" 1 13 0
"379" 1 14 0
"380" 1 15 0
"381" 1 16 0
"382" 1 17 0
"383" 1 18 0
"384" 1 19 0
"385" 1 20 0
"386" 1 21 0
"387" 1 22 0
"388" 1 23 0
"389" 1 24 0
"390" 1 25 0
"391" 1 26 0
"392" 1 27 0
"393" 1 28 0
"394" 1 29 0
"395" 1 30 0
"396" 1 31 0
"397" 1 32 0
"398" 1 33 0
"399" 1 34 0
"400" 1 35 0
"401" 1 36 0
"402" 1 37 0
"403" 1 38 0
"404" 1 39 0
"405" 1 40 0
"406" 1 51 0
"407" 1 52 0
"408" 1 53 0
"409" 1 54 0
"410" 1 55 0
"411" 1 56 0
"412" 1 57 0
"413" 1 58 0
"414" 1 59 0
"415" 1 60 0
"416" 1 61 0
"417" 1 62 0
"418" 1 63 0
"419" 1 64 0
"420" 1 65 0
"421" 1 66 0
"422" 1 67 0
"423" 1 68 0
"424" 1 69 0
"425" 1 70 0
"426" 1 71 0
"427" 1 72 0
"428" 1 73 0
"429" 1 74 0
"430" 1 75 0
"431" 1 76 0
"432" 1 77 0
"433" 1 78 0
"434" 1 79 0
"435" 1 80 0
"436" 1 81 0
"437" 1 82 0
"438" 1 83 0
"439" 1 84 0
"440" 1 85 0
"441" 1 86 0
"442" 1 87 0
"443" 2 1 0
"444" 2 2 0
"445" 2 3 0
"446" 2 4 0
"447" 2 5 0
"448" 2 6 0
"449" 2 7 0
"450" 2 8 0
"451" 2 9 0
"452" 2 10 0
"453" 2 11 0
"454" 2 12 0
"455" 2 13 0
"456" 2 14 0
"457" 2 15 0
"458" 2 16 0
"459" 2 17 0
"460" 2 18 0
"461" 2 19 0
"462" 2 20 0
"463" 2 21 0
"464" 2 22 0
"465" 2 23 0
"466" 2 24 0
"467" 2 25 0
"468" 2 26 0
"469" 2 27 0
"470" 2 28 0
"471" 2 29 0
"472" 2 30 0
"473" 2 31 0
"474" 2 32 0
"475" 2 33 0
"476" 2 34 0
"477" 2 35 0
"478" 2 36 0
"479" 2 37 0
"480" 2 38 0
"481" 2 39 0
"482" 2 40 0
"483" 2 41 0
"484" 2 42 0
"485" 2 43 0
"486" 2 44 0
"487" 2 45 0
"488" 2 56 0
"489" 2 57 0
"490" 2 58 0
"491" 2 59 0
"492" 2 60 0
"493" 2 61 0
"494" 2 62 0
"495" 2 63 0
"496" 2 64 0
"497" 2 65 0
"498" 2 66 0
"499" 2 67 0
"500" 2 68 0
"501" 2 69 0
"502" 2 70 0
"503" 2 71 0
"504" 2 72 0
"505" 2 73 0
"506" 2 74 0
"507" 2 75 0
"508" 2 76 0
"509" 2 77 0
"510" 2 78 0
"511" 2 79 0
"512" 2 80 0
"513" 2 81 0
"514" 2 82 0
"515" 2 83 0
"516" 2 84 0
"517" 2 85 0
"518" 2 86 0
"519" 2 87 0
"520" 3 1 0
"521" 3 2 0
"522" 3 3 0
"523" 3 4 0
"524" 3 5 0
"525" 3 6 0
"526" 3 7 0
"527" 3 8 0
"528" 3 9 0
"529" 3 10 0
"530" 3 11 0
"531" 3 12 0
"532" 3 13 0
"533" 3 14 0
"534" 3 15 0
"535" 3 16 0
"536" 3 17 0
"537" 3 18 0
"538" 3 19 0
"539" 3 20 0
"540" 3 21 0
"541" 3 22 0
"542" 3 23 0
"543" 3 24 0
"544" 3 25 0
"545" 3 26 0
"546" 3 27 0
"547" 3 28 0
"548" 3 29 0
"549" 3 30 0
"550" 3 31 0
"551" 3 32 0
"552" 3 33 0
"553" 3 34 0
"554" 3 35 0
"555" 3 36 0
"556" 3 37 0
"557" 3 38 0
"558" 3 39 0
"559" 3 40 0
"560" 3 41 0
"561" 3 42 0
"562" 3 43 0
"563" 3 44 0
"564" 3 45 0
"565" 3 46 0
"566" 3 47 0
"567" 3 48 0
"568" 3 49 0
"569" 3 50 0
"570" 3 51 0
"571" 3 61 0
"572" 3 62 0
"573" 3 63 0
"574" 3 64 0
"575" 3 65 0
"576" 3 66 0
"577" 3 67 0
"578" 3 68 0
"579" 3 69 0
"580" 3 70 0
"581" 3 71 0
"582" 3 72 0
"583" 3 73 0
"584" 3 74 0
"585" 3 75 0
"586" 3 76 0
"587" 3 77 0
"588" 3 78 0
"589" 3 79 0
"590" 3 80 0
"591" 3 81 0
"592" 3 82 0
"593" 3 83 0
"594" 3 84 0
"595" 3 85 0
"596" 3 86 0
"597" 3 87 0
"598" 4 1 0
"599" 4 2 0
"600" 4 3 0
"601" 4 4 0
"602" 4 5 0
"603" 4 6 0
"604" 4 7 0
"605" 4 8 0
"606" 4 9 0
"607" 4 10 0
"608" 4 11 0
"609" 4 12 0
"610" 4 13 0
"611" 4 14 0
"612" 4 15 0
"613" 4 16 0
"614" 4 17 0
"615" 4 18 0
"616" 4 19 0
"617" 4 20 0
"618" 4 21 0
"619" 4 22 0
"620" 4 23 0
"621" 4 24 0
"622" 4 25 0
"623" 4 26 0
"624" 4 27 0
"625" 4 28 0
"626" 4 29 0
"627" 4 30 0
"628" 4 31 0
"629" 4 32 0
"630" 4 33 0
"631" 4 34 0
"632" 4 35 0
"633" 4 36 0
"634" 4 37 0
"635" 4 38 0
"636" 4 39 0
"637" 4 40 0
"638" 4 41 0
"639" 4 42 0
"640" 4 43 0
"641" 4 44 0
"642" 4 45 0
"643" 4 46 0
"644" 4 47 0
"645" 4 48 0
"646" 4 49 0
"647" 4 50 0
"648" 4 51 0
"649" 4 52 0
"650" 4 53 0
"651" 4 54 0
"652" 4 55 0
"653" 4 66 0
"654" 4 67 0
"655" 4 68 0
"656" 4 69 0
"657" 4 70 0
"658" 4 71 0
"659" 4 72 0
"660" 4 73 0
"661" 4 74 0
"662" 4 75 0
"663" 4 76 0
"664" 4 77 0
"665" 4 78 0
"666" 4 79 0
"667" 4 80 0
"668" 4 81 0
"669" 4 82 0
"670" 4 83 0
"671" 4 84 0
"672" 4 85 0
"673" 4 86 0
"674" 4 87 0
"675" 5 1 0
"676" 5 2 0
"677" 5 3 0
"678" 5 4 0
"679" 5 5 0
"680" 5 6 0
"681" 5 7 0
"682" 5 8 0
"683" 5 9 0
"684" 5 10 0
"685" 5 11 0
"686" 5 12 0
"687" 5 13 0
"688" 5 14 0
"689" 5 15 0
"690" 5 16 0
"691" 5 17 0
"692" 5 18 0
"693" 5 19 0
"694" 5 20 0
"695" 5 21 0
"696" 5 22 0
"697" 5 23 0
"698" 5 24 0
"699" 5 25 0
"700" 5 26 0
"701" 5 27 0
"702" 5 28 0
"703" 5 29 0
"704" 5 30 0
"705" 5 31 0
"706" 5 32 0
"707" 5 33 0
"708" 5 34 0
"709" 5 35 0
"710" 5 36 0
"711" 5 37 0
"712" 5 38 0
"713" 5 39 0
"714" 5 40 0
"715" 5 41 0
"716" 5 42 0
"717" 5 43 0
"718" 5 44 0
"719" 5 45 0
"720" 5 46 0
"721" 5 47 0
"722" 5 48 0
"723" 5 49 0
"724" 5 50 0
"725" 5 51 0
"726" 5 52 0
"727" 5 53 0
"728" 5 54 0
"729" 5 55 0
"730" 5 56 0
"731" 5 57 0
"732" 5 58 0
"733" 5 59 0
"734" 5 60 0
"735" 5 71 0
"736" 5 72 0
"737" 5 73 0
"738" 5 74 0
"739" 5 75 0
"740" 5 76 0
"741" 5 77 0
"742" 5 78 0
"743" 5 79 0
"744" 5 80 0
"745" 5 81 0
"746" 5 82 0
"747" 5 83 0
"748" 5 84 0
"749" 5 85 0
"750" 5 86 0
"751" 5 87 0
"752" 6 1 0
"753" 6 2 0
"754" 6 3 0
"755" 6 4 0
"756" 6 5 0
"757" 6 6 0
"758" 6 7 0
"759" 6 8 0
"760" 6 9 0
"761" 6 10 0
"762" 6 11 0
"763" 6 12 0
"764" 6 13 0
"765" 6 14 0
"766" 6 15 0
"767" 6 16 0
"768" 6 17 0
"769" 6 18 0
"770" 6 19 0
"771" 6 20 0
"772" 6 21 0
"773" 6 22 0
"774" 6 23 0
"775" 6 24 0
"776" 6 25 0
"777" 6 26 0
"778" 6 27 0
"779" 6 28 0
"780" 6 29 0
"781" 6 30 0
"782" 6 31 0
"783" 6 32 0
"784" 6 33 0
"785" 6 34 0
"786" 6 35 0
"787" 6 36 0
"788" 6 37 0
"789" 6 38 0
"790" 6 39 0
"791" 6 40 0
"792" 6 41 0
"793" 6 42 0
"794" 6 43 0
"795" 6 44 0
"796" 6 45 0
"797" 6 46 0
"798" 6 47 0
"799" 6 48 0
"800" 6 49 0
"801" 6 50 0
"802" 6 51 0
"803" 6 52 0
"804" 6 53 0
"805" 6 54 0
"806" 6 55 0
"807" 6 56 0
"808" 6 57 0
"809" 6 58 0
"810" 6 59 0
"811" 6 60 0
"812" 6 61 0
"813" 6 62 0
"814" 6 63 0
"815" 6 75 0
"816" 6 76 0
"817" 6 77 0
"818" 6 78 0
"819" 6 79 0
"820" 6 80 0
"821" 6 81 0
"822" 6 82 0
"823" 6 83 0
"824" 6 84 0
"825" 6 85 0
"826" 6 86 0
"827" 6 87 0
"828" 7 1 0
"829" 7 2 0
"830" 7 3 0
"831" 7 4 0
"832" 7 5 0
"833" 7 6 0
"834" 7 7 0
"835" 7 8 0
"836" 7 9 0
"837" 7 10 0
"838" 7 11 0
"839" 7 12 0
"840" 7 13 0
"841" 7 14 0
"842" 7 15 0
"843" 7 16 0
"844" 7 17 0
"845" 7 18 0
"846" 7 19 0
"847" 7 20 0
"848" 7 21 0
"849" 7 22 0
"850" 7 23 0
"851" 7 24 0
"852" 7 25 0
"853" 7 26 0
"854" 7 27 0
"855" 7 28 0
"856" 7 29 0
"857" 7 30 0
"858" 7 31 0
"859" 7 32 0
"860" 7 33 0
"861" 7 34 0
"862" 7 35 0
"863" 7 36 0
"864" 7 37 0
"865" 7 38 0
"866" 7 39 0
"867" 7 40 0
"868" 7 41 0
"869" 7 42 0
"870" 7 43 0
"871" 7 44 0
"872" 7 45 0
"873" 7 46 0
"874" 7 47 0
"875" 7 48 0
"876" 7 49 0
"877" 7 50 0
"878" 7 51 0
"879" 7 52 0
"880" 7 53 0
"881" 7 54 0
"882" 7 55 0
"883" 7 56 0
"884" 7 57 0
"885" 7 58 0
"886" 7 59 0
"887" 7 60 0
"888" 7 61 0
"889" 7 62 0
"890" 7 63 0
"891" 7 64 0
"892" 7 65 0
"893" 7 66 0
"894" 7 67 0
"895" 7 79 0
"896" 7 80 0
"897" 7 81 0
"898" 7 82 0
"899" 7 83 0
"900" 7 84 0
"901" 7 85 0
"902" 7 86 0
"903" 7 87 0
"904" 8 1 0
"905" 8 2 0
"906" 8 3 0
"907" 8 4 0
"908" 8 5 0
"909" 8 6 0
"910" 8 7 0
"911" 8 8 0
"912" 8 9 0
"913" 8 10 0
"914" 8 11 0
"915" 8 12 0
"916" 8 13 0
"917" 8 14 0
"918" 8 15 0
"919" 8 16 0
"920" 8 17 0
"921" 8 18 0
"922" 8 19 0
"923" 8 20 0
"924" 8 21 0
"925" 8 22 0
"926" 8 23 0
"927" 8 24 0
"928" 8 25 0
"929" 8 26 0
"930" 8 27 0
"931" 8 28 0
"932" 8 29 0
"933" 8 30 0
"934" 8 31 0
"935" 8 32 0
"936" 8 33 0
"937" 8 34 0
"938" 8 35 0
"939" 8 36 0
"940" 8 37 0
"941" 8 38 0
"942" 8 39 0
"943" 8 40 0
"944" 8 41 0
"945" 8 42 0
"946" 8 43 0
"947" 8 44 0
"948" 8 45 0
"949" 8 46 0
"950" 8 47 0
"951" 8 48 0
"952" 8 49 0
"953" 8 50 0
"954" 8 51 0
"955" 8 52 0
"956" 8 53 0
"957" 8 54 0
"958" 8 55 0
"959" 8 56 0
"960" 8 57 0
"961" 8 58 0
"962" 8 59 0
"963" 8 60 0
"964" 8 61 0
"965" 8 62 0
"966" 8 63 0
"967" 8 64 0
"968" 8 65 0
"969" 8 66 0
"970" 8 67 0
"971" 8 68 0
"972" 8 69 0
"973" 8 82 0
"974" 8 83 0
"975" 8 84 0
"976" 8 85 0
"977" 8 86 0
"978" 8 87 0
"979" 9 1 0
"980" 9 2 0
"981" 9 3 0
"982" 9 4 0
"983" 9 5 0
"984" 9 6 0
"985" 9 7 0
"986" 9 8 0
"987" 9 9 0
"988" 9 10 0
"989" 9 11 0
"990" 9 12 0
"991" 9 13 0
"992" 9 14 0
"993" 9 15 0
"994" 9 16 0
"995" 9 17 0
"996" 9 18 0
"997" 9 19 0
"998" 9 20 0
"999" 9 21 0
"1000" 9 22 0
"1001" 9 23 0
"1002" 9 24 0
"1003" 9 25 0
"1004" 9 26 0
"1005" 9 27 0
"1006" 9 28 0
"1007" 9 29 0
"1008" 9 30 0
"1009" 9 31 0
"1010" 9 32 0
"1011" 9 33 0
"1012" 9 34 0
"1013" 9 35 0
"1014" 9 36 0
"1015" 9 37 0
"1016" 9 38 0
"1017" 9 39 0
"1018" 9 40 0
"1019" 9 41 0
"1020" 9 42 0
"1021" 9 43 0
"1022" 9 44 0
"1023" 9 45 0
"1024" 9 46 0
"1025" 9 47 0
"1026" 9 48 0
"1027" 9 49 0
"1028" 9 50 0
"1029" 9 51 0
"1030" 9 52 0
"1031" 9 53 0
"1032" 9 54 0
"1033" 9 55 0
"1034" 9 56 0
"1035" 9 57 0
"1036" 9 58 0
"1037" 9 59 0
"1038" 9 60 0
"1039" 9 61 0
"1040" 9 62 0
"1041" 9 63 0
"1042" 9 64 0
"1043" 9 65 0
"1044" 9 66 0
"1045" 9 67 0
"1046" 9 68 0
"1047" 9 69 0
"1048" 9 70 0
"1049" 9 71 0
"1050" 9 72 0
"1051" 9 84 0
"1052" 9 85 0
"1053" 9 86 0
"1054" 9 87 0
"1055" 10 1 0
"1056" 10 2 0
"1057" 10 3 0
"1058" 10 4 0
"1059" 10 5 0
"1060" 10 6 0
"1061" 10 7 0
"1062" 10 8 0
"1063" 10 9 0
"1064" 10 10 0
"1065" 10 11 0
"1066" 10 12 0
"1067" 10 13 0
"1068" 10 14 0
"1069" 10 15 0
"1070" 10 16 0
"1071" 10 17 0
"1072" 10 18 0
"1073" 10 19 0
"1074" 10 20 0
"1075" 10 21 0
"1076" 10 22 0
"1077" 10 23 0
"1078" 10 24 0
"1079" 10 25 0
"1080" 10 26 0
"1081" 10 27 0
"1082" 10 28 0
"1083" 10 29 0
"1084" 10 30 0
"1085" 10 31 0
"1086" 10 32 0
"1087" 10 33 0
"1088" 10 34 0
"1089" 10 35 0
"1090" 10 36 0
"1091" 10 37 0
"1092" 10 38 0
"1093" 10 39 0
"1094" 10 40 0
"1095" 10 41 0
"1096" 10 42 0
"1097" 10 43 0
"1098" 10 44 0
"1099" 10 45 0
"1100" 10 46 0
"1101" 10 47 0
"1102" 10 48 0
"1103" 10 49 0
"1104" 10 50 0
"1105" 10 51 0
"1106" 10 52 0
"1107" 10 53 0
"1108" 10 54 0
"1109" 10 55 0
"1110" 10 56 0
"1111" 10 57 0
"1112" 10 58 0
"1113" 10 59 0
"1114" 10 60 0
"1115" 10 61 0
"1116" 10 62 0
"1117" 10 63 0
"1118" 10 64 0
"1119" 10 65 0
"1120" 10 66 0
"1121" 10 67 0
"1122" 10 68 0
"1123" 10 69 0
"1124" 10 70 0
"1125" 10 71 0
"1126" 10 72 0
"1127" 10 73 0
"1128" 10 86 0
"1129" 10 87 0
"1130" 11 1 0
"1131" 11 2 0
"1132" 11 3 0
"1133" 11 4 0
"1134" 11 5 0
"1135" 11 6 0
"1136" 11 7 0
"1137" 11 8 0
"1138" 11 9 0
"1139" 11 10 0
"1140" 11 11 0
"1141" 11 12 0
"1142" 11 13 0
"1143" 11 14 0
"1144" 11 15 0
"1145" 11 16 0
"1146" 11 17 0
"1147" 11 18 0
"1148" 11 19 0
"1149" 11 20 0
"1150" 11 21 0
"1151" 11 22 0
"1152" 11 23 0
"1153" 11 24 0
"1154" 11 25 0
"1155" 11 26 0
"1156" 11 27 0
"1157" 11 28 0
"1158" 11 29 0
"1159" 11 30 0
"1160" 11 31 0
"1161" 11 32 0
"1162" 11 33 0
"1163" 11 34 0
"1164" 11 35 0
"1165" 11 36 0
"1166" 11 37 0
"1167" 11 38 0
"1168" 11 39 0
"1169" 11 40 0
"1170" 11 41 0
"1171" 11 42 0
"1172" 11 43 0
"1173" 11 44 0
"1174" 11 45 0
"1175" 11 46 0
"1176" 11 47 0
"1177" 11 48 0
"1178" 11 49 0
"1179" 11 50 0
"1180" 11 51 0
"1181" 11 52 0
"1182" 11 53 0
"1183" 11 54 0
"1184" 11 55 0
"1185" 11 56 0
"1186" 11 57 0
"1187" 11 58 0
"1188" 11 59 0
"1189" 11 60 0
"1190" 11 61 0
"1191" 11 62 0
"1192" 11 63 0
"1193" 11 64 0
"1194" 11 65 0
"1195" 11 66 0
"1196" 11 67 0
"1197" 11 68 0
"1198" 11 69 0
"1199" 11 70 0
"1200" 11 71 0
"1201" 11 72 0
"1202" 11 73 0
"1203" 11 74 0
"1204" 11 87 0
"1205" 12 1 0
"1206" 12 2 0
"1207" 12 3 0
"1208" 12 4 0
"1209" 12 5 0
"1210" 12 6 0
"1211" 12 7 0
"1212" 12 8 0
"1213" 12 9 0
"1214" 12 10 0
"1215" 12 11 0
"1216" 12 12 0
"1217" 12 13 0
"1218" 12 14 0
"1219" 12 15 0
"1220" 12 16 0
"1221" 12 17 0
"1222" 12 18 0
"1223" 12 19 0
"1224" 12 20 0
"1225" 12 21 0
"1226" 12 22 0
"1227" 12 23 0
"1228" 12 24 0
"1229" 12 25 0
"1230" 12 26 0
"1231" 12 27 0
"1232" 12 28 0
"1233" 12 29 0
"1234" 12 30 0
"1235" 12 31 0
"1236" 12 32 0
"1237" 12 33 0
"1238" 12 34 0
"1239" 12 35 0
"1240" 12 36 0
"1241" 12 37 0
"1242" 12 38 0
"1243" 12 39 0
"1244" 12 40 0
"1245" 12 41 0
"1246" 12 42 0
"1247" 12 43 0
"1248" 12 44 0
"1249" 12 45 0
"1250" 12 46 0
"1251" 12 47 0
"1252" 12 48 0
"1253" 12 49 0
"1254" 12 50 0
"1255" 12 51 0
"1256" 12 52 0
"1257" 12 53 0
"1258" 12 54 0
"1259" 12 55 0
"1260" 12 56 0
"1261" 12 57 0
"1262" 12 58 0
"1263" 12 59 0
"1264" 12 60 0
"1265" 12 61 0
"1266" 12 62 0
"1267" 12 63 0
"1268" 12 64 0
"1269" 12 65 0
"1270" 12 66 0
"1271" 12 67 0
"1272" 12 68 0
"1273" 12 69 0
"1274" 12 70 0
"1275" 12 71 0
"1276" 12 72 0
"1277" 12 73 0
"1278" 12 74 0
"1279" 12 75 0
"1280" 12 87 0
"1281" 13 1 0
"1282" 13 2 0
"1283" 13 3 0
"1284" 13 4 0
"1285" 13 5 0
"1286" 13 6 0
"1287" 13 7 0
"1288" 13 8 0
"1289" 13 9 0
"1290" 13 10 0
"1291" 13 11 0
"1292" 13 12 0
"1293" 13 13 0
"1294" 13 14 0
"1295" 13 15 0
"1296" 13 16 0
"1297" 13 17 0
"1298" 13 18 0
"1299" 13 19 0
"1300" 13 20 0
"1301" 13 21 0
"1302" 13 22 0
"1303" 13 23 0
"1304" 13 24 0
"1305" 13 25 0
"1306" 13 26 0
"1307" 13 27 0
"1308" 13 28 0
"1309" 13 29 0
"1310" 13 30 0
"1311" 13 31 0
"1312" 13 32 0
"1313" 13 33 0
"1314" 13 34 0
"1315" 13 35 0
"1316" 13 36 0
"1317" 13 37 0
"1318" 13 38 0
"1319" 13 39 0
"1320" 13 40 0
"1321" 13 41 0
"1322" 13 42 0
"1323" 13 43 0
"1324" 13 44 0
"1325" 13 45 0
"1326" 13 46 0
"1327" 13 47 0
"1328" 13 48 0
"1329" 13 49 0
"1330" 13 50 0
"1331" 13 51 0
"1332" 13 52 0
"1333" 13 53 0
"1334" 13 54 0
"1335" 13 55 0
"1336" 13 56 0
"1337" 13 57 0
"1338" 13 58 0
"1339" 13 59 0
"1340" 13 60 0
"1341" 13 61 0
"1342" 13 62 0
"1343" 13 63 0
"1344" 13 64 0
"1345" 13 65 0
"1346" 13 66 0
"1347" 13 67 0
"1348" 13 68 0
"1349" 13 69 0
"1350" 13 70 0
"1351" 13 71 0
"1352" 13 72 0
"1353" 13 73 0
"1354" 13 74 0
"1355" 13 75 0
"1356" 13 87 0
"1357" 14 1 0
"1358" 14 2 0
"1359" 14 3 0
"1360" 14 4 0
"1361" 14 5 0
"1362" 14 6 0
"1363" 14 7 0
"1364" 14 8 0
"1365" 14 9 0
"1366" 14 10 0
"1367" 14 11 0
"1368" 14 12 0
"1369" 14 13 0
"1370" 14 14 0
"1371" 14 15 0
"1372" 14 16 0
"1373" 14 17 0
"1374" 14 18 0
"1375" 14 19 0
"1376" 14 20 0
"1377" 14 21 0
"1378" 14 22 0
"1379" 14 23 0
"1380" 14 24 0
"1381" 14 25 0
"1382" 14 26 0
"1383" 14 27 0
"1384" 14 28 0
"1385" 14 29 0
"1386" 14 30 0
"1387" 14 31 0
"1388" 14 32 0
"1389" 14 33 0
"1390" 14 34 0
"1391" 14 35 0
"1392" 14 36 0
"1393" 14 37 0
"1394" 14 38 0
"1395" 14 39 0
"1396" 14 40 0
"1397" 14 41 0
"1398" 14 42 0
"1399" 14 43 0
"1400" 14 44 0
"1401" 14 45 0
"1402" 14 46 0
"1403" 14 47 0
"1404" 14 48 0
"1405" 14 49 0
"1406" 14 50 0
"1407" 14 51 0
"1408" 14 52 0
"1409" 14 53 0
"1410" 14 54 0
"1411" 14 55 0
"1412" 14 56 0
"1413" 14 57 0
"1414" 14 58 0
"1415" 14 59 0
"1416" 14 60 0
"1417" 14 61 0
"1418" 14 62 0
"1419" 14 63 0
"1420" 14 64 0
"1421" 14 65 0
"1422" 14 66 0
"1423" 14 67 0
"1424" 14 68 0
"1425" 14 69 0
"1426" 14 70 0
"1427" 14 71 0
"1428" 14 72 0
"1429" 14 73 0
"1430" 14 74 0
"1431" 14 86 0
"1432" 14 87 0
"1433" 15 1 0
"1434" 15 2 0
"1435" 15 3 0
"1436" 15 4 0
"1437" 15 5 0
"1438" 15 6 0
"1439" 15 7 0
"1440" 15 8 0
"1441" 15 9 0
"1442" 15 10 0
"1443" 15 11 0
"1444" 15 12 0
"1445" 15 13 0
"1446" 15 14 0
"1447" 15 15 0
"1448" 15 16 0
"1449" 15 17 0
"1450" 15 18 0
"1451" 15 19 0
"1452" 15 20 0
"1453" 15 21 0
"1454" 15 22 0
"1455" 15 23 0
"1456" 15 24 0
"1457" 15 25 0
"1458" 15 26 0
"1459" 15 27 0
"1460" 15 28 0
"1461" 15 29 0
"1462" 15 30 0
"1463" 15 31 0
"1464" 15 32 0
"1465" 15 33 0
"1466" 15 34 0
"1467" 15 35 0
"1468" 15 36 0
"1469" 15 37 0
"1470" 15 38 0
"1471" 15 39 0
"1472" 15 40 0
"1473" 15 41 0
"1474" 15 42 0
"1475" 15 43 0
"1476" 15 44 0
"1477" 15 45 0
"1478" 15 46 0
"1479" 15 47 0
"1480" 15 48 0
"1481" 15 49 0
"1482" 15 50 0
"1483" 15 51 0
"1484" 15 52 0
"1485" 15 53 0
"1486" 15 54 0
"1487" 15 55 0
"1488" 15 56 0
"1489" 15 57 0
"1490" 15 58 0
"1491" 15 59 0
"1492" 15 60 0
"1493" 15 61 0
"1494" 15 62 0
"1495" 15 63 0
"1496" 15 64 0
"1497" 15 65 0
"1498" 15 66 0
"1499" 15 67 0
"1500" 15 68 0
"1501" 15 69 0
"1502" 15 70 0
"1503" 15 71 0
"1504" 15 72 0
"1505" 15 73 0
"1506" 15 85 0
"1507" 15 86 0
"1508" 15 87 0
"1509" 16 1 0
"1510" 16 2 0
"1511" 16 3 0
"1512" 16 4 0
"1513" 16 5 0
"1514" 16 6 0
"1515" 16 7 0
"1516" 16 8 0
"1517" 16 9 0
"1518" 16 10 0
"1519" 16 11 0
"1520" 16 12 0
"1521" 16 13 0
"1522" 16 14 0
"1523" 16 15 0
"1524" 16 16 0
"1525" 16 17 0
"1526" 16 18 0
"1527" 16 19 0
"1528" 16 20 0
"1529" 16 21 0
"1530" 16 22 0
"1531" 16 23 0
"1532" 16 24 0
"1533" 16 25 0
"1534" 16 26 0
"1535" 16 27 0
"1536" 16 28 0
"1537" 16 29 0
"1538" 16 30 0
"1539" 16 31 0
"1540" 16 32 0
"1541" 16 33 0
"1542" 16 34 0
"1543" 16 35 0
"1544" 16 36 0
"1545" 16 37 0
"1546" 16 38 0
"1547" 16 39 0
"1548" 16 40 0
"1549" 16 41 0
"1550" 16 42 0
"1551" 16 43 0
"1552" 16 44 0
"1553" 16 45 0
"1554" 16 46 0
"1555" 16 47 0
"1556" 16 48 0
"1557" 16 49 0
"1558" 16 50 0
"1559" 16 51 0
"1560" 16 52 0
"1561" 16 53 0
"1562" 16 54 0
"1563" 16 55 0
"1564" 16 56 0
"1565" 16 57 0
"1566" 16 58 0
"1567" 16 59 0
"1568" 16 60 0
"1569" 16 61 0
"1570" 16 62 0
"1571" 16 63 0
"1572" 16 64 0
"1573" 16 65 0
"1574" 16 66 0
"1575" 16 67 0
"1576" 16 68 0
"1577" 16 69 0
"1578" 16 70 0
"1579" 16 71 0
"1580" 16 83 0
"1581" 16 84 0
"1582" 16 85 0
"1583" 16 86 0
"1584" 16 87 0
"1585" 17 1 0
"1586" 17 2 0
"1587" 17 3 0
"1588" 17 4 0
"1589" 17 5 0
"1590" 17 6 0
"1591" 17 7 0
"1592" 17 8 0
"1593" 17 9 0
"1594" 17 10 0
"1595" 17 11 0
"1596" 17 12 0
"1597" 17 13 0
"1598" 17 14 0
"1599" 17 15 0
"1600" 17 16 0
"1601" 17 17 0
"1602" 17 18 0
"1603" 17 19 0
"1604" 17 20 0
"1605" 17 21 0
"1606" 17 22 0
"1607" 17 23 0
"1608" 17 24 0
"1609" 17 25 0
"1610" 17 26 0
"1611" 17 27 0
"1612" 17 28 0
"1613" 17 29 0
"1614" 17 30 0
"1615" 17 31 0
"1616" 17 32 0
"1617" 17 33 0
"1618" 17 34 0
"1619" 17 35 0
"1620" 17 36 0
"1621" 17 37 0
"1622" 17 38 0
"1623" 17 39 0
"1624" 17 40 0
"1625" 17 41 0
"1626" 17 42 0
"1627" 17 43 0
"1628" 17 44 0
"1629" 17 45 0
"1630" 17 46 0
"1631" 17 47 0
"1632" 17 48 0
"1633" 17 49 0
"1634" 17 50 0
"1635" 17 51 0
"1636" 17 52 0
"1637" 17 53 0
"1638" 17 54 0
"1639" 17 55 0
"1640" 17 56 0
"1641" 17 57 0
"1642" 17 58 0
"1643" 17 59 0
"1644" 17 60 0
"1645" 17 61 0
"1646" 17 62 0
"1647" 17 63 0
"1648" 17 64 0
"1649" 17 65 0
"1650" 17 66 0
"1651" 17 67 0
"1652" 17 68 0
"1653" 17 80 0
"1654" 17 81 0
"1655" 17 82 0
"1656" 17 83 0
"1657" 17 84 0
"1658" 17 85 0
"1659" 17 86 0
"1660" 17 87 0
"1661" 18 1 0
"1662" 18 2 0
"1663" 18 3 0
"1664" 18 4 0
"1665" 18 5 0
"1666" 18 6 0
"1667" 18 7 0
"1668" 18 8 0
"1669" 18 9 0
"1670" 18 10 0
"1671" 18 11 0
"1672" 18 12 0
"1673" 18 13 0
"1674" 18 14 0
"1675" 18 15 0
"1676" 18 16 0
"1677" 18 17 0
"1678" 18 18 0
"1679" 18 19 0
"1680" 18 20 0
"1681" 18 21 0
"1682" 18 22 0
"1683" 18 23 0
"1684" 18 24 0
"1685" 18 25 0
"1686" 18 26 0
"1687" 18 27 0
"1688" 18 28 0
"1689" 18 29 0
"1690" 18 30 0
"1691" 18 31 0
"1692" 18 32 0
"1693" 18 33 0
"1694" 18 34 0
"1695" 18 35 0
"1696" 18 36 0
"1697" 18 37 0
"1698" 18 38 0
"1699" 18 39 0
"1700" 18 40 0
"1701" 18 41 0
"1702" 18 42 0
"1703" 18 43 0
"1704" 18 44 0
"1705" 18 45 0
"1706" 18 46 0
"1707" 18 47 0
"1708" 18 48 0
"1709" 18 49 0
"1710" 18 50 0
"1711" 18 51 0
"1712" 18 52 0
"1713" 18 53 0
"1714" 18 54 0
"1715" 18 55 0
"1716" 18 56 0
"1717" 18 57 0
"1718" 18 58 0
"1719" 18 59 0
"1720" 18 60 0
"1721" 18 61 0
"1722" 18 62 0
"1723" 18 63 0
"1724" 18 64 0
"1725" 18 65 0
"1726" 18 66 0
"1727" 18 77 0
"1728" 18 78 0
"1729" 18 79 0
"1730" 18 80 0
"1731" 18 81 0
"1732" 18 82 0
"1733" 18 83 0
"1734" 18 84 0
"1735" 18 85 0
"1736" 18 86 0
"1737" 18 87 0
"1738" 19 1 0
"1739" 19 2 0
"1740" 19 3 0
"1741" 19 4 0
"1742" 19 5 0
"1743" 19 6 0
"1744" 19 7 0
"1745" 19 8 0
"1746" 19 9 0
"1747" 19 10 0
"1748" 19 11 0
"1749" 19 12 0
"1750" 19 13 0
"1751" 19 14 0
"1752" 19 15 0
"1753" 19 16 0
"1754" 19 17 0
"1755" 19 18 0
"1756" 19 19 0
"1757" 19 20 0
"1758" 19 21 0
"1759" 19 22 0
"1760" 19 23 0
"1761" 19 24 0
"1762" 19 25 0
"1763" 19 26 0
"1764" 19 27 0
"1765" 19 28 0
"1766" 19 29 0
"1767" 19 30 0
"1768" 19 31 0
"1769" 19 32 0
"1770" 19 33 0
"1771" 19 34 0
"1772" 19 35 0
"1773" 19 36 0
"1774" 19 37 0
"1775" 19 38 0
"1776" 19 39 0
"1777" 19 40 0
"1778" 19 41 0
"1779" 19 42 0
"1780" 19 43 0
"1781" 19 44 0
"1782" 19 45 0
"1783" 19 46 0
"1784" 19 47 0
"1785" 19 48 0
"1786" 19 49 0
"1787" 19 50 0
"1788" 19 51 0
"1789" 19 52 0
"1790" 19 53 0
"1791" 19 54 0
"1792" 19 55 0
"1793" 19 56 0
"1794" 19 57 0
"1795" 19 58 0
"1796" 19 59 0
"1797" 19 60 0
"1798" 19 61 0
"1799" 19 62 0
"1800" 19 73 0
"1801" 19 74 0
"1802" 19 75 0
"1803" 19 76 0
"1804" 19 77 0
"1805" 19 78 0
"1806" 19 79 0
"1807" 19 80 0
"1808" 19 81 0
"1809" 19 82 0
"1810" 19 83 0
"1811" 19 84 0
"1812" 19 85 0
"1813" 19 86 0
"1814" 19 87 0
"1815" 20 1 0
"1816" 20 2 0
"1817" 20 3 0
"1818" 20 4 0
"1819" 20 5 0
"1820" 20 6 0
"1821" 20 7 0
"1822" 20 8 0
"1823" 20 9 0
"1824" 20 10 0
"1825" 20 11 0
"1826" 20 12 0
"1827" 20 13 0
"1828" 20 14 0
"1829" 20 15 0
"1830" 20 16 0
"1831" 20 17 0
"1832" 20 18 0
"1833" 20 19 0
"1834" 20 20 0
"1835" 20 21 0
"1836" 20 22 0
"1837" 20 23 0
"1838" 20 24 0
"1839" 20 25 0
"1840" 20 26 0
"1841" 20 27 0
"1842" 20 28 0
"1843" 20 29 0
"1844" 20 30 0
"1845" 20 31 0
"1846" 20 32 0
"1847" 20 33 0
"1848" 20 34 0
"1849" 20 35 0
"1850" 20 36 0
"1851" 20 37 0
"1852" 20 38 0
"1853" 20 39 0
"1854" 20 40 0
"1855" 20 41 0
"1856" 20 42 0
"1857" 20 43 0
"1858" 20 44 0
"1859" 20 45 0
"1860" 20 46 0
"1861" 20 47 0
"1862" 20 48 0
"1863" 20 49 0
"1864" 20 50 0
"1865" 20 51 0
"1866" 20 52 0
"1867" 20 53 0
"1868" 20 54 0
"1869" 20 55 0
"1870" 20 56 0
"1871" 20 57 0
"1872" 20 58 0
"1873" 20 68 0
"1874" 20 69 0
"1875" 20 70 0
"1876" 20 71 0
"1877" 20 72 0
"1878" 20 73 0
"1879" 20 74 0
"1880" 20 75 0
"1881" 20 76 0
"1882" 20 77 0
"1883" 20 78 0
"1884" 20 79 0
"1885" 20 80 0
"1886" 20 81 0
"1887" 20 82 0
"1888" 20 83 0
"1889" 20 84 0
"1890" 20 85 0
"1891" 20 86 0
"1892" 20 87 0
"1893" 21 1 0
"1894" 21 2 0
"1895" 21 3 0
"1896" 21 4 0
"1897" 21 5 0
"1898" 21 6 0
"1899" 21 7 0
"1900" 21 8 0
"1901" 21 9 0
"1902" 21 10 0
"1903" 21 11 0
"1904" 21 12 0
"1905" 21 13 0
"1906" 21 14 0
"1907" 21 15 0
"1908" 21 16 0
"1909" 21 17 0
"1910" 21 18 0
"1911" 21 19 0
"1912" 21 20 0
"1913" 21 21 0
"1914" 21 22 0
"1915" 21 23 0
"1916" 21 24 0
"1917" 21 25 0
"1918" 21 26 0
"1919" 21 27 0
"1920" 21 28 0
"1921" 21 29 0
"1922" 21 30 0
"1923" 21 31 0
"1924" 21 32 0
"1925" 21 33 0
"1926" 21 34 0
"1927" 21 35 0
"1928" 21 36 0
"1929" 21 37 0
"1930" 21 38 0
"1931" 21 39 0
"1932" 21 40 0
"1933" 21 41 0
"1934" 21 42 0
"1935" 21 43 0
"1936" 21 44 0
"1937" 21 45 0
"1938" 21 46 0
"1939" 21 47 0
"1940" 21 48 0
"1941" 21 49 0
"1942" 21 50 0
"1943" 21 51 0
"1944" 21 52 0
"1945" 21 53 0
"1946" 21 54 0
"1947" 21 63 0
"1948" 21 64 0
"1949" 21 65 0
"1950" 21 66 0
"1951" 21 67 0
"1952" 21 68 0
"1953" 21 69 0
"1954" 21 70 0
"1955" 21 71 0
"1956" 21 72 0
"1957" 21 73 0
"1958" 21 74 0
"1959" 21 75 0
"1960" 21 76 0
"1961" 21 77 0
"1962" 21 78 0
"1963" 21 79 0
"1964" 21 80 0
"1965" 21 81 0
"1966" 21 82 0
"1967" 21 83 0
"1968" 21 84 0
"1969" 21 85 0
"1970" 21 86 0
"1971" 21 87 0
"1972" 22 1 0
"1973" 22 2 0
"1974" 22 3 0
"1975" 22 4 0
"1976" 22 5 0
"1977" 22 6 0
"1978" 22 7 0
"1979" 22 8 0
"1980" 22 9 0
"1981" 22 10 0
"1982" 22 11 0
"1983" 22 12 0
"1984" 22 13 0
"1985" 22 14 0
"1986" 22 15 0
"1987" 22 16 0
"1988" 22 17 0
"1989" 22 18 0
"1990" 22 19 0
"1991" 22 20 0
"1992" 22 21 0
"1993" 22 22 0
"1994" 22 23 0
"1995" 22 24 0
"1996" 22 25 0
"1997" 22 26 0
"1998" 22 27 0
"1999" 22 28 0
"2000" 22 29 0
"2001" 22 30 0
"2002" 22 31 0
"2003" 22 32 0
"2004" 22 33 0
"2005" 22 34 0
"2006" 22 35 0
"2007" 22 36 0
"2008" 22 37 0
"2009" 22 38 0
"2010" 22 39 0
"2011" 22 40 0
"2012" 22 41 0
"2013" 22 42 0
"2014" 22 43 0
"2015" 22 44 0
"2016" 22 45 0
"2017" 22 46 0
"2018" 22 47 0
"2019" 22 48 0
"2020" 22 49 0
"2021" 22 58 0
"2022" 22 59 0
"2023" 22 60 0
"2024" 22 61 0
"2025" 22 62 0
"2026" 22 63 0
"2027" 22 64 0
"2028" 22 65 0
"2029" 22 66 0
"2030" 22 67 0
"2031" 22 68 0
"2032" 22 69 0
"2033" 22 70 0
"2034" 22 71 0
"2035" 22 72 0
"2036" 22 73 0
"2037" 22 74 0
"2038" 22 75 0
"2039" 22 76 0
"2040" 22 77 0
"2041" 22 78 0
"2042" 22 79 0
"2043" 22 80 0
"2044" 22 81 0
"2045" 22 82 0
"2046" 22 83 0
"2047" 22 84 0
"2048" 22 85 0
"2049" 22 86 0
"2050" 22 87 0
"2051" 23 1 0
"2052" 23 2 0
"2053" 23 3 0
"2054" 23 4 0
"2055" 23 5 0
"2056" 23 6 0
"2057" 23 7 0
"2058" 23 8 0
"2059" 23 9 0
"2060" 23 10 0
"2061" 23 11 0
"2062" 23 12 0
"2063" 23 13 0
"2064" 23 14 0
"2065" 23 15 0
"2066" 23 16 0
"2067" 23 17 0
"2068" 23 18 0
"2069" 23 19 0
"2070" 23 20 0
"2071" 23 21 0
"2072" 23 22 0
"2073" 23 23 0
"2074" 23 24 0
"2075" 23 25 0
"2076" 23 26 0
"2077" 23 27 0
"2078" 23 28 0
"2079" 23 29 0
"2080" 23 30 0
"2081" 23 31 0
"2082" 23 32 0
"2083" 23 33 0
"2084" 23 34 0
"2085" 23 35 0
"2086" 23 36 0
"2087" 23 37 0
"2088" 23 38 0
"2089" 23 39 0
"2090" 23 40 0
"2091" 23 41 0
"2092" 23 42 0
"2093" 23 43 0
"2094" 23 53 0
"2095" 23 54 0
"2096" 23 55 0
"2097" 23 56 0
"2098" 23 57 0
"2099" 23 58 0
"2100" 23 59 0
"2101" 23 60 0
"2102" 23 61 0
"2103" 23 62 0
"2104" 23 63 0
"2105" 23 64 0
"2106" 23 65 0
"2107" 23 66 0
"2108" 23 67 0
"2109" 23 68 0
"2110" 23 69 0
"2111" 23 70 0
"2112" 23 71 0
"2113" 23 72 0
"2114" 23 73 0
"2115" 23 74 0
"2116" 23 75 0
"2117" 23 76 0
"2118" 23 77 0
"2119" 23 78 0
"2120" 23 79 0
"2121" 23 80 0
"2122" 23 81 0
"2123" 23 82 0
"2124" 23 83 0
"2125" 23 84 0
"2126" 23 85 0
"2127" 23 86 0
"2128" 23 87 0
"2129" 24 1 0
"2130" 24 2 0
"2131" 24 3 0
"2132" 24 4 0
"2133" 24 5 0
"2134" 24 6 0
"2135" 24 7 0
"2136" 24 8 0
"2137" 24 9 0
"2138" 24 10 0
"2139" 24 11 0
"2140" 24 12 0
"2141" 24 13 0
"2142" 24 14 0
"2143" 24 15 0
"2144" 24 16 0
"2145" 24 17 0
"2146" 24 18 0
"2147" 24 19 0
"2148" 24 20 0
"2149" 24 21 0
"2150" 24 22 0
"2151" 24 23 0
"2152" 24 24 0
"2153" 24 25 0
"2154" 24 26 0
"2155" 24 27 0
"2156" 24 28 0
"2157" 24 29 0
"2158" 24 30 0
"2159" 24 31 0
"2160" 24 32 0
"2161" 24 33 0
"2162" 24 34 0
"2163" 24 35 0
"2164" 24 36 0
"2165" 24 37 0
"2166" 24 47 0
"2167" 24 48 0
"2168" 24 49 0
"2169" 24 50 0
"2170" 24 51 0
"2171" 24 52 0
"2172" 24 53 0
"2173" 24 54 0
"2174" 24 55 0
"2175" 24 56 0
"2176" 24 57 0
"2177" 24 58 0
"2178" 24 59 0
"2179" 24 60 0
"2180" 24 61 0
"2181" 24 62 0
"2182" 24 63 0
"2183" 24 64 0
"2184" 24 65 0
"2185" 24 66 0
"2186" 24 67 0
"2187" 24 68 0
"2188" 24 69 0
"2189" 24 70 0
"2190" 24 71 0
"2191" 24 72 0
"2192" 24 73 0
"2193" 24 74 0
"2194" 24 75 0
"2195" 24 76 0
"2196" 24 77 0
"2197" 24 78 0
"2198" 24 79 0
"2199" 24 80 0
"2200" 24 81 0
"2201" 24 82 0
"2202" 24 83 0
"2203" 24 84 0
"2204" 24 85 0
"2205" 24 86 0
"2206" 24 87 0
"2207" 25 1 0
"2208" 25 2 0
"2209" 25 3 0
"2210" 25 4 0
"2211" 25 5 0
"2212" 25 6 0
"2213" 25 7 0
"2214" 25 8 0
"2215" 25 9 0
"2216" 25 10 0
"2217" 25 11 0
"2218" 25 12 0
"2219" 25 13 0
"2220" 25 14 0
"2221" 25 15 0
"2222" 25 16 0
"2223" 25 17 0
"2224" 25 18 0
"2225" 25 19 0
"2226" 25 20 0
"2227" 25 21 0
"2228" 25 22 0
"2229" 25 23 0
"2230" 25 24 0
"2231" 25 25 0
"2232" 25 26 0
"2233" 25 27 0
"2234" 25 28 0
"2235" 25 29 0
"2236" 25 30 0
"2237" 25 41 0
"2238" 25 42 0
"2239" 25 43 0
"2240" 25 44 0
"2241" 25 45 0
"2242" 25 46 0
"2243" 25 47 0
"2244" 25 48 0
"2245" 25 49 0
"2246" 25 50 0
"2247" 25 51 0
"2248" 25 52 0
"2249" 25 53 0
"2250" 25 54 0
"2251" 25 55 0
"2252" 25 56 0
"2253" 25 57 0
"2254" 25 58 0
"2255" 25 59 0
"2256" 25 60 0
"2257" 25 61 0
"2258" 25 62 0
"2259" 25 63 0
"2260" 25 64 0
"2261" 25 65 0
"2262" 25 66 0
"2263" 25 67 0
"2264" 25 68 0
"2265" 25 69 0
"2266" 25 70 0
"2267" 25 71 0
"2268" 25 72 0
"2269" 25 73 0
"2270" 25 74 0
"2271" 25 75 0
"2272" 25 76 0
"2273" 25 77 0
"2274" 25 78 0
"2275" 25 79 0
"2276" 25 80 0
"2277" 25 81 0
"2278" 25 82 0
"2279" 25 83 0
"2280" 25 84 0
"2281" 25 85 0
"2282" 25 86 0
"2283" 25 87 0
"2284" 26 1 0
"2285" 26 2 0
"2286" 26 3 0
"2287" 26 4 0
"2288" 26 5 0
"2289" 26 6 0
"2290" 26 7 0
"2291" 26 8 0
"2292" 26 9 0
"2293" 26 10 0
"2294" 26 11 0
"2295" 26 12 0
"2296" 26 13 0
"2297" 26 14 0
"2298" 26 15 0
"2299" 26 16 0
"2300" 26 17 0
"2301" 26 18 0
"2302" 26 19 0
"2303" 26 20 0
"2304" 26 21 0
"2305" 26 22 0
"2306" 26 23 0
"2307" 26 24 0
"2308" 26 34 0
"2309" 26 35 0
"2310" 26 36 0
"2311" 26 37 0
"2312" 26 38 0
"2313" 26 39 0
"2314" 26 40 0
"2315" 26 41 0
"2316" 26 42 0
"2317" 26 43 0
"2318" 26 44 0
"2319" 26 45 0
"2320" 26 46 0
"2321" 26 47 0
"2322" 26 48 0
"2323" 26 49 0
"2324" 26 50 0
"2325" 26 51 0
"2326" 26 52 0
"2327" 26 53 0
"2328" 26 54 0
"2329" 26 55 0
"2330" 26 56 0
"2331" 26 57 0
"2332" 26 58 0
"2333" 26 59 0
"2334" 26 60 0
"2335" 26 61 0
"2336" 26 62 0
"2337" 26 63 0
"2338" 26 64 0
"2339" 26 65 0
"2340" 26 66 0
"2341" 26 67 0
"2342" 26 68 0
"2343" 26 69 0
"2344" 26 70 0
"2345" 26 71 0
"2346" 26 72 0
"2347" 26 73 0
"2348" 26 74 0
"2349" 26 75 0
"2350" 26 76 0
"2351" 26 77 0
"2352" 26 78 0
"2353" 26 79 0
"2354" 26 80 0
"2355" 26 81 0
"2356" 26 82 0
"2357" 26 83 0
"2358" 26 84 0
"2359" 26 85 0
"2360" 26 86 0
"2361" 26 87 0
"2362" 27 1 0
"2363" 27 2 0
"2364" 27 3 0
"2365" 27 4 0
"2366" 27 5 0
"2367" 27 6 0
"2368" 27 7 0
"2369" 27 8 0
"2370" 27 9 0
"2371" 27 10 0
"2372" 27 11 0
"2373" 27 12 0
"2374" 27 13 0
"2375" 27 14 0
"2376" 27 15 0
"2377" 27 16 0
"2378" 27 17 0
"2379" 27 28 0
"2380" 27 29 0
"2381" 27 30 0
"2382" 27 31 0
"2383" 27 32 0
"2384" 27 33 0
"2385" 27 34 0
"2386" 27 35 0
"2387" 27 36 0
"2388" 27 37 0
"2389" 27 38 0
"2390" 27 39 0
"2391" 27 40 0
"2392" 27 41 0
"2393" 27 42 0
"2394" 27 43 0
"2395" 27 44 0
"2396" 27 45 0
"2397" 27 46 0
"2398" 27 47 0
"2399" 27 48 0
"2400" 27 49 0
"2401" 27 50 0
"2402" 27 51 0
"2403" 27 52 0
"2404" 27 53 0
"2405" 27 54 0
"2406" 27 55 0
"2407" 27 56 0
"2408" 27 57 0
"2409" 27 58 0
"2410" 27 59 0
"2411" 27 60 0
"2412" 27 61 0
"2413" 27 62 0
"2414" 27 63 0
"2415" 27 64 0
"2416" 27 65 0
"2417" 27 66 0
"2418" 27 67 0
"2419" 27 68 0
"2420" 27 69 0
"2421" 27 70 0
"2422" 27 71 0
"2423" 27 72 0
"2424" 27 73 0
"2425" 27 74 0
"2426" 27 75 0
"2427" 27 76 0
"2428" 27 77 0
"2429" 27 78 0
"2430" 27 79 0
"2431" 27 80 0
"2432" 27 81 0
"2433" 27 82 0
"2434" 27 83 0
"2435" 27 84 0
"2436" 27 85 0
"2437" 27 86 0
"2438" 27 87 0
"2439" 28 1 0
"2440" 28 2 0
"2441" 28 3 0
"2442" 28 4 0
"2443" 28 5 0
"2444" 28 6 0
"2445" 28 7 0
"2446" 28 8 0
"2447" 28 9 0
"2448" 28 10 0
"2449" 28 21 0
"2450" 28 22 0
"2451" 28 23 0
"2452" 28 24 0
"2453" 28 25 0
"2454" 28 26 0
"2455" 28 27 0
"2456" 28 28 0
"2457" 28 29 0
"2458" 28 30 0
"2459" 28 31 0
"2460" 28 32 0
"2461" 28 33 0
"2462" 28 34 0
"2463" 28 35 0
"2464" 28 36 0
"2465" 28 37 0
"2466" 28 38 0
"2467" 28 39 0
"2468" 28 40 0
"2469" 28 41 0
"2470" 28 42 0
"2471" 28 43 0
"2472" 28 44 0
"2473" 28 45 0
"2474" 28 46 0
"2475" 28 47 0
"2476" 28 48 0
"2477" 28 49 0
"2478" 28 50 0
"2479" 28 51 0
"2480" 28 52 0
"2481" 28 53 0
"2482" 28 54 0
"2483" 28 55 0
"2484" 28 56 0
"2485" 28 57 0
"2486" 28 58 0
"2487" 28 59 0
"2488" 28 60 0
"2489" 28 61 0
"2490" 28 62 0
"2491" 28 63 0
"2492" 28 64 0
"2493" 28 65 0
"2494" 28 66 0
"2495" 28 67 0
"2496" 28 68 0
"2497" 28 69 0
"2498" 28 70 0
"2499" 28 71 0
"2500" 28 72 0
"2501" 28 73 0
"2502" 28 74 0
"2503" 28 75 0
"2504" 28 76 0
"2505" 28 77 0
"2506" 28 78 0
"2507" 28 79 0
"2508" 28 80 0
"2509" 28 81 0
"2510" 28 82 0
"2511" 28 83 0
"2512" 28 84 0
"2513" 28 85 0
"2514" 28 86 0
"2515" 28 87 0
"2516" 29 1 0
"2517" 29 2 0
"2518" 29 3 0
"2519" 29 14 0
"2520" 29 15 0
"2521" 29 16 0
"2522" 29 17 0
"2523" 29 18 0
"2524" 29 19 0
"2525" 29 20 0
"2526" 29 21 0
"2527" 29 22 0
"2528" 29 23 0
"2529" 29 24 0
"2530" 29 25 0
"2531" 29 26 0
"2532" 29 27 0
"2533" 29 28 0
"2534" 29 29 0
"2535" 29 30 0
"2536" 29 31 0
"2537" 29 32 0
"2538" 29 33 0
"2539" 29 34 0
"2540" 29 35 0
"2541" 29 36 0
"2542" 29 37 0
"2543" 29 38 0
"2544" 29 39 0
"2545" 29 40 0
"2546" 29 41 0
"2547" 29 42 0
"2548" 29 43 0
"2549" 29 44 0
"2550" 29 45 0
"2551" 29 46 0
"2552" 29 47 0
"2553" 29 48 0
"2554" 29 49 0
"2555" 29 50 0
"2556" 29 51 0
"2557" 29 52 0
"2558" 29 53 0
"2559" 29 54 0
"2560" 29 55 0
"2561" 29 56 0
"2562" 29 57 0
"2563" 29 58 0
"2564" 29 59 0
"2565" 29 60 0
"2566" 29 61 0
"2567" 29 62 0
"2568" 29 63 0
"2569" 29 64 0
"2570" 29 65 0
"2571" 29 66 0
"2572" 29 67 0
"2573" 29 68 0
"2574" 29 69 0
"2575" 29 70 0
"2576" 29 71 0
"2577" 29 72 0
"2578" 29 73 0
"2579" 29 74 0
"2580" 29 75 0
"2581" 29 76 0
"2582" 29 77 0
"2583" 29 78 0
"2584" 29 79 0
"2585" 29 80 0
"2586" 29 81 0
"2587" 29 82 0
"2588" 29 83 0
"2589" 29 84 0
"2590" 29 85 0
"2591" 29 86 0
"2592" 29 87 0
"2593" 30 7 0
"2594" 30 8 0
"2595" 30 9 0
"2596" 30 10 0
"2597" 30 11 0
"2598" 30 12 0
"2599" 30 13 0
"2600" 30 14 0
"2601" 30 15 0
"2602" 30 16 0
"2603" 30 17 0
"2604" 30 18 0
"2605" 30 19 0
"2606" 30 20 0
"2607" 30 21 0
"2608" 30 22 0
"2609" 30 23 0
"2610" 30 24 0
"2611" 30 25 0
"2612" 30 26 0
"2613" 30 27 0
"2614" 30 28 0
"2615" 30 29 0
"2616" 30 30 0
"2617" 30 31 0
"2618" 30 32 0
"2619" 30 33 0
"2620" 30 34 0
"2621" 30 35 0
"2622" 30 36 0
"2623" 30 37 0
"2624" 30 38 0
"2625" 30 39 0
"2626" 30 40 0
"2627" 30 41 0
"2628" 30 42 0
"2629" 30 43 0
"2630" 30 44 0
"2631" 30 45 0
"2632" 30 46 0
"2633" 30 47 0
"2634" 30 48 0
"2635" 30 49 0
"2636" 30 50 0
"2637" 30 51 0
"2638" 30 52 0
"2639" 30 53 0
"2640" 30 54 0
"2641" 30 55 0
"2642" 30 56 0
"2643" 30 57 0
"2644" 30 58 0
"2645" 30 59 0
"2646" 30 60 0
"2647" 30 61 0
"2648" 30 62 0
"2649" 30 63 0
"2650" 30 64 0
"2651" 30 65 0
"2652" 30 66 0
"2653" 30 67 0
"2654" 30 68 0
"2655" 30 69 0
"2656" 30 70 0
"2657" 30 71 0
"2658" 30 72 0
"2659" 30 73 0
"2660" 30 74 0
"2661" 30 75 0
"2662" 30 76 0
"2663" 30 77 0
"2664" 30 78 0
"2665" 30 79 0
"2666" 30 80 0
"2667" 30 81 0
"2668" 30 82 0
"2669" 30 83 0
"2670" 30 84 0
"2671" 30 85 0
"2672" 30 86 0
"2673" 30 87 0
"2674" 31 1 0
"2675" 31 2 0
"2676" 31 3 0
"2677" 31 4 0
"2678" 31 5 0
"2679" 31 6 0
"2680" 31 7 0
"2681" 31 8 0
"2682" 31 9 0
"2683" 31 10 0
"2684" 31 11 0
"2685" 31 12 0
"2686" 31 13 0
"2687" 31 14 0
"2688" 31 15 0
"2689" 31 16 0
"2690" 31 17 0
"2691" 31 18 0
"2692" 31 19 0
"2693" 31 20 0
"2694" 31 21 0
"2695" 31 22 0
"2696" 31 23 0
"2697" 31 24 0
"2698" 31 25 0
"2699" 31 26 0
"2700" 31 27 0
"2701" 31 28 0
"2702" 31 29 0
"2703" 31 30 0
"2704" 31 31 0
"2705" 31 32 0
"2706" 31 33 0
"2707" 31 34 0
"2708" 31 35 0
"2709" 31 36 0
"2710" 31 37 0
"2711" 31 38 0
"2712" 31 39 0
"2713" 31 40 0
"2714" 31 41 0
"2715" 31 42 0
"2716" 31 43 0
"2717" 31 44 0
"2718" 31 45 0
"2719" 31 46 0
"2720" 31 47 0
"2721" 31 48 0
"2722" 31 49 0
"2723" 31 50 0
"2724" 31 51 0
"2725" 31 52 0
"2726" 31 53 0
"2727" 31 54 0
"2728" 31 55 0
"2729" 31 56 0
"2730" 31 57 0
"2731" 31 58 0
"2732" 31 59 0
"2733" 31 60 0
"2734" 31 61 0
"2735" 31 62 0
"2736" 31 63 0
"2737" 31 64 0
"2738" 31 65 0
"2739" 31 66 0
"2740" 31 67 0
"2741" 31 68 0
"2742" 31 69 0
"2743" 31 70 0
"2744" 31 71 0
"2745" 31 72 0
"2746" 31 73 0
"2747" 31 74 0
"2748" 31 75 0
"2749" 31 76 0
"2750" 31 77 0
"2751" 31 78 0
"2752" 31 79 0
"2753" 31 80 0
"2754" 31 81 0
"2755" 31 82 0
"2756" 31 83 0
"2757" 31 84 0
"2758" 31 85 0
"2759" 31 86 0
"2760" 31 87 0
"2761" 32 1 0
"2762" 32 2 0
"2763" 32 3 0
"2764" 32 4 0
"2765" 32 5 0
"2766" 32 6 0
"2767" 32 7 0
"2768" 32 8 0
"2769" 32 9 0
"2770" 32 10 0
"2771" 32 11 0
"2772" 32 12 0
"2773" 32 13 0
"2774" 32 14 0
"2775" 32 15 0
"2776" 32 16 0
"2777" 32 17 0
"2778" 32 18 0
"2779" 32 19 0
"2780" 32 20 0
"2781" 32 21 0
"2782" 32 22 0
"2783" 32 23 0
"2784" 32 24 0
"2785" 32 25 0
"2786" 32 26 0
"2787" 32 27 0
"2788" 32 28 0
"2789" 32 29 0
"2790" 32 30 0
"2791" 32 31 0
"2792" 32 32 0
"2793" 32 33 0
"2794" 32 34 0
"2795" 32 35 0
"2796" 32 36 0
"2797" 32 37 0
"2798" 32 38 0
"2799" 32 39 0
"2800" 32 40 0
"2801" 32 41 0
"2802" 32 42 0
"2803" 32 43 0
"2804" 32 44 0
"2805" 32 45 0
"2806" 32 46 0
"2807" 32 47 0
"2808" 32 48 0
"2809" 32 49 0
"2810" 32 50 0
"2811" 32 51 0
"2812" 32 52 0
"2813" 32 53 0
"2814" 32 54 0
"2815" 32 55 0
"2816" 32 56 0
"2817" 32 57 0
"2818" 32 58 0
"2819" 32 59 0
"2820" 32 60 0
"2821" 32 61 0
"2822" 32 62 0
"2823" 32 63 0
"2824" 32 64 0
"2825" 32 65 0
"2826" 32 66 0
"2827" 32 67 0
"2828" 32 68 0
"2829" 32 69 0
"2830" 32 70 0
"2831" 32 71 0
"2832" 32 72 0
"2833" 32 73 0
"2834" 32 74 0
"2835" 32 75 0
"2836" 32 76 0
"2837" 32 77 0
"2838" 32 78 0
"2839" 32 79 0
"2840" 32 80 0
"2841" 32 81 0
"2842" 32 82 0
"2843" 32 83 0
"2844" 32 84 0
"2845" 32 85 0
"2846" 32 86 0
"2847" 32 87 0
"2848" 33 1 0
"2849" 33 2 0
"2850" 33 3 0
"2851" 33 4 0
"2852" 33 5 0
"2853" 33 6 0
"2854" 33 7 0
"2855" 33 8 0
"2856" 33 9 0
"2857" 33 10 0
"2858" 33 11 0
"2859" 33 12 0
"2860" 33 13 0
"2861" 33 14 0
"2862" 33 15 0
"2863" 33 16 0
"2864" 33 17 0
"2865" 33 18 0
"2866" 33 19 0
"2867" 33 20 0
"2868" 33 21 0
"2869" 33 22 0
"2870" 33 23 0
"2871" 33 24 0
"2872" 33 25 0
"2873" 33 26 0
"2874" 33 27 0
"2875" 33 28 0
"2876" 33 29 0
"2877" 33 30 0
"2878" 33 31 0
"2879" 33 32 0
"2880" 33 33 0
"2881" 33 34 0
"2882" 33 35 0
"2883" 33 36 0
"2884" 33 37 0
"2885" 33 38 0
"2886" 33 39 0
"2887" 33 40 0
"2888" 33 41 0
"2889" 33 42 0
"2890" 33 43 0
"2891" 33 44 0
"2892" 33 45 0
"2893" 33 46 0
"2894" 33 47 0
"2895" 33 48 0
"2896" 33 49 0
"2897" 33 50 0
"2898" 33 51 0
"2899" 33 52 0
"2900" 33 53 0
"2901" 33 54 0
"2902" 33 55 0
"2903" 33 56 0
"2904" 33 57 0
"2905" 33 58 0
"2906" 33 59 0
"2907" 33 60 0
"2908" 33 61 0
"2909" 33 62 0
"2910" 33 63 0
"2911" 33 64 0
"2912" 33 65 0
"2913" 33 66 0
"2914" 33 67 0
"2915" 33 68 0
"2916" 33 69 0
"2917" 33 70 0
"2918" 33 71 0
"2919" 33 72 0
"2920" 33 73 0
"2921" 33 74 0
"2922" 33 75 0
"2923" 33 76 0
"2924" 33 77 0
"2925" 33 78 0
"2926" 33 79 0
"2927" 33 80 0
"2928" 33 81 0
"2929" 33 82 0
"2930" 33 83 0
"2931" 33 84 0
"2932" 33 85 0
"2933" 33 86 0
"2934" 33 87 0
"2935" 34 1 0
"2936" 34 2 0
"2937" 34 3 0
"2938" 34 4 0
"2939" 34 5 0
"2940" 34 6 0
"2941" 34 7 0
"2942" 34 8 0
"2943" 34 9 0
"2944" 34 10 0
"2945" 34 11 0
"2946" 34 12 0
"2947" 34 13 0
"2948" 34 14 0
"2949" 34 15 0
"2950" 34 16 0
"2951" 34 17 0
"2952" 34 18 0
"2953" 34 19 0
"2954" 34 20 0
"2955" 34 21 0
"2956" 34 22 0
"2957" 34 23 0
"2958" 34 24 0
"2959" 34 25 0
"2960" 34 26 0
"2961" 34 27 0
"2962" 34 28 0
"2963" 34 29 0
"2964" 34 30 0
"2965" 34 31 0
"2966" 34 32 0
"2967" 34 33 0
"2968" 34 34 0
"2969" 34 35 0
"2970" 34 36 0
"2971" 34 37 0
"2972" 34 38 0
"2973" 34 39 0
"2974" 34 40 0
"2975" 34 41 0
"2976" 34 42 0
"2977" 34 43 0
"2978" 34 44 0
"2979" 34 45 0
"2980" 34 46 0
"2981" 34 47 0
"2982" 34 48 0
"2983" 34 49 0
"2984" 34 50 0
"2985" 34 51 0
"2986" 34 52 0
"2987" 34 53 0
"2988" 34 54 0
"2989" 34 55 0
"2990" 34 56 0
"2991" 34 57 0
"2992" 34 58 0
"2993" 34 59 0
"2994" 34 60 0
"2995" 34 61 0
"2996" 34 62 0
"2997" 34 63 0
"2998" 34 64 0
"2999" 34 65 0
"3000" 34 66 0
"3001" 34 67 0
"3002" 34 68 0
"3003" 34 69 0
"3004" 34 70 0
"3005" 34 71 0
"3006" 34 72 0
"3007" 34 73 0
"3008" 34 74 0
"3009" 34 75 0
"3010" 34 76 0
"3011" 34 77 0
"3012" 34 78 0
"3013" 34 79 0
"3014" 34 80 0
"3015" 34 81 0
"3016" 34 82 0
"3017" 34 83 0
"3018" 34 84 0
"3019" 34 85 0
"3020" 34 86 0
"3021" 34 87 0
"3022" 35 1 0
"3023" 35 2 0
"3024" 35 3 0
"3025" 35 4 0
"3026" 35 5 0
"3027" 35 6 0
"3028" 35 7 0
"3029" 35 8 0
"3030" 35 9 0
"3031" 35 10 0
"3032" 35 11 0
"3033" 35 12 0
"3034" 35 13 0
"3035" 35 14 0
"3036" 35 15 0
"3037" 35 16 0
"3038" 35 17 0
"3039" 35 18 0
"3040" 35 19 0
"3041" 35 20 0
"3042" 35 21 0
"3043" 35 22 0
"3044" 35 23 0
"3045" 35 24 0
"3046" 35 25 0
"3047" 35 26 0
"3048" 35 27 0
"3049" 35 28 0
"3050" 35 29 0
"3051" 35 30 0
"3052" 35 31 0
"3053" 35 32 0
"3054" 35 33 0
"3055" 35 34 0
"3056" 35 35 0
"3057" 35 36 0
"3058" 35 37 0
"3059" 35 38 0
"3060" 35 39 0
"3061" 35 40 0
"3062" 35 41 0
"3063" 35 42 0
"3064" 35 43 0
"3065" 35 44 0
"3066" 35 45 0
"3067" 35 46 0
"3068" 35 47 0
"3069" 35 48 0
"3070" 35 49 0
"3071" 35 50 0
"3072" 35 51 0
"3073" 35 52 0
"3074" 35 53 0
"3075" 35 54 0
"3076" 35 55 0
"3077" 35 56 0
"3078" 35 57 0
"3079" 35 58 0
"3080" 35 59 0
"3081" 35 60 0
"3082" 35 61 0
"3083" 35 62 0
"3084" 35 63 0
"3085" 35 64 0
"3086" 35 65 0
"3087" 35 66 0
"3088" 35 67 0
"3089" 35 68 0
"3090" 35 69 0
"3091" 35 70 0
"3092" 35 71 0
"3093" 35 72 0
"3094" 35 73 0
"3095" 35 74 0
"3096" 35 75 0
"3097" 35 76 0
"3098" 35 77 0
"3099" 35 78 0
"3100" 35 79 0
"3101" 35 80 0
"3102" 35 81 0
"3103" 35 82 0
"3104" 35 83 0
"3105" 35 84 0
"3106" 35 85 0
"3107" 35 86 0
"3108" 35 87 0
"3109" 36 1 0
"3110" 36 2 0
"3111" 36 3 0
"3112" 36 4 0
"3113" 36 5 0
"3114" 36 6 0
"3115" 36 7 0
"3116" 36 8 0
"3117" 36 9 0
"3118" 36 10 0
"3119" 36 11 0
"3120" 36 12 0
"3121" 36 13 0
"3122" 36 14 0
"3123" 36 15 0
"3124" 36 16 0
"3125" 36 17 0
"3126" 36 18 0
"3127" 36 19 0
"3128" 36 20 0
"3129" 36 21 0
"3130" 36 22 0
"3131" 36 23 0
"3132" 36 24 0
"3133" 36 25 0
"3134" 36 26 0
"3135" 36 27 0
"3136" 36 28 0
"3137" 36 29 0
"3138" 36 30 0
"3139" 36 31 0
"3140" 36 32 0
"3141" 36 33 0
"3142" 36 34 0
"3143" 36 35 0
"3144" 36 36 0
"3145" 36 37 0
"3146" 36 38 0
"3147" 36 39 0
"3148" 36 40 0
"3149" 36 41 0
"3150" 36 42 0
"3151" 36 43 0
"3152" 36 44 0
"3153" 36 45 0
"3154" 36 46 0
"3155" 36 47 0
"3156" 36 48 0
"3157" 36 49 0
"3158" 36 50 0
"3159" 36 51 0
"3160" 36 52 0
"3161" 36 53 0
"3162" 36 54 0
"3163" 36 55 0
"3164" 36 56 0
"3165" 36 57 0
"3166" 36 58 0
"3167" 36 59 0
"3168" 36 60 0
"3169" 36 61 0
"3170" 36 62 0
"3171" 36 63 0
"3172" 36 64 0
"3173" 36 65 0
"3174" 36 66 0
"3175" 36 67 0
"3176" 36 68 0
"3177" 36 69 0
"3178" 36 70 0
"3179" 36 71 0
"3180" 36 72 0
"3181" 36 73 0
"3182" 36 74 0
"3183" 36 75 0
"3184" 36 76 0
"3185" 36 77 0
"3186" 36 78 0
"3187" 36 79 0
"3188" 36 80 0
"3189" 36 81 0
"3190" 36 82 0
"3191" 36 83 0
"3192" 36 84 0
"3193" 36 85 0
"3194" 36 86 0
"3195" 36 87 0
"3196" 37 1 0
"3197" 37 2 0
"3198" 37 3 0
"3199" 37 4 0
"3200" 37 5 0
"3201" 37 6 0
"3202" 37 7 0
"3203" 37 8 0
"3204" 37 9 0
"3205" 37 10 0
"3206" 37 11 0
"3207" 37 12 0
"3208" 37 13 0
"3209" 37 14 0
"3210" 37 15 0
"3211" 37 16 0
"3212" 37 17 0
"3213" 37 18 0
"3214" 37 19 0
"3215" 37 20 0
"3216" 37 21 0
"3217" 37 22 0
"3218" 37 23 0
"3219" 37 24 0
"3220" 37 25 0
"3221" 37 26 0
"3222" 37 27 0
"3223" 37 28 0
"3224" 37 29 0
"3225" 37 30 0
"3226" 37 31 0
"3227" 37 32 0
"3228" 37 33 0
"3229" 37 34 0
"3230" 37 35 0
"3231" 37 36 0
"3232" 37 37 0
"3233" 37 38 0
"3234" 37 39 0
"3235" 37 40 0
"3236" 37 41 0
"3237" 37 42 0
"3238" 37 43 0
"3239" 37 44 0
"3240" 37 45 0
"3241" 37 46 0
"3242" 37 47 0
"3243" 37 48 0
"3244" 37 49 0
"3245" 37 50 0
"3246" 37 51 0
"3247" 37 52 0
"3248" 37 53 0
"3249" 37 54 0
"3250" 37 55 0
"3251" 37 56 0
"3252" 37 57 0
"3253" 37 58 0
"3254" 37 59 0
"3255" 37 60 0
"3256" 37 61 0
"3257" 37 62 0
"3258" 37 63 0
"3259" 37 64 0
"3260" 37 65 0
"3261" 37 66 0
"3262" 37 67 0
"3263" 37 68 0
"3264" 37 69 0
"3265" 37 70 0
"3266" 37 71 0
"3267" 37 72 0
"3268" 37 73 0
"3269" 37 74 0
"3270" 37 75 0
"3271" 37 76 0
"3272" 37 77 0
"3273" 37 78 0
"3274" 37 79 0
"3275" 37 80 0
"3276" 37 81 0
"3277" 37 82 0
"3278" 37 83 0
"3279" 37 84 0
"3280" 37 85 0
"3281" 37 86 0
"3282" 37 87 0
"3283" 38 1 0
"3284" 38 2 0
"3285" 38 3 0
"3286" 38 4 0
"3287" 38 5 0
"3288" 38 6 0
"3289" 38 7 0
"3290" 38 8 0
"3291" 38 9 0
"3292" 38 10 0
"3293" 38 11 0
"3294" 38 12 0
"3295" 38 13 0
"3296" 38 14 0
"3297" 38 15 0
"3298" 38 16 0
"3299" 38 17 0
"3300" 38 18 0
"3301" 38 19 0
"3302" 38 20 0
"3303" 38 21 0
"3304" 38 22 0
"3305" 38 23 0
"3306" 38 24 0
"3307" 38 25 0
"3308" 38 26 0
"3309" 38 27 0
"3310" 38 28 0
"3311" 38 29 0
"3312" 38 30 0
"3313" 38 31 0
"3314" 38 32 0
"3315" 38 33 0
"3316" 38 34 0
"3317" 38 35 0
"3318" 38 36 0
"3319" 38 37 0
"3320" 38 38 0
"3321" 38 39 0
"3322" 38 40 0
"3323" 38 41 0
"3324" 38 42 0
"3325" 38 43 0
"3326" 38 44 0
"3327" 38 45 0
"3328" 38 46 0
"3329" 38 47 0
"3330" 38 48 0
"3331" 38 49 0
"3332" 38 50 0
"3333" 38 51 0
"3334" 38 52 0
"3335" 38 53 0
"3336" 38 54 0
"3337" 38 55 0
"3338" 38 56 0
"3339" 38 57 0
"3340" 38 58 0
"3341" 38 59 0
"3342" 38 60 0
"3343" 38 61 0
"3344" 38 62 0
"3345" 38 63 0
"3346" 38 64 0
"3347" 38 65 0
"3348" 38 66 0
"3349" 38 67 0
"3350" 38 68 0
"3351" 38 69 0
"3352" 38 70 0
"3353" 38 71 0
"3354" 38 72 0
"3355" 38 73 0
"3356" 38 74 0
"3357" 38 75 0
"3358" 38 76 0
"3359" 38 77 0
"3360" 38 78 0
"3361" 38 79 0
"3362" 38 80 0
"3363" 38 81 0
"3364" 38 82 0
"3365" 38 83 0
"3366" 38 84 0
"3367" 38 85 0
"3368" 38 86 0
"3369" 38 87 0
"3370" 39 1 0
"3371" 39 2 0
"3372" 39 3 0
"3373" 39 4 0
"3374" 39 5 0
"3375" 39 6 0
"3376" 39 7 0
"3377" 39 8 0
"3378" 39 9 0
"3379" 39 10 0
"3380" 39 11 0
"3381" 39 12 0
"3382" 39 13 0
"3383" 39 14 0
"3384" 39 15 0
"3385" 39 16 0
"3386" 39 17 0
"3387" 39 18 0
"3388" 39 19 0
"3389" 39 20 0
"3390" 39 21 0
"3391" 39 22 0
"3392" 39 23 0
"3393" 39 24 0
"3394" 39 25 0
"3395" 39 26 0
"3396" 39 27 0
"3397" 39 28 0
"3398" 39 29 0
"3399" 39 30 0
"3400" 39 31 0
"3401" 39 32 0
"3402" 39 33 0
"3403" 39 34 0
"3404" 39 35 0
"3405" 39 36 0
"3406" 39 37 0
"3407" 39 38 0
"3408" 39 39 0
"3409" 39 40 0
"3410" 39 41 0
"3411" 39 42 0
"3412" 39 43 0
"3413" 39 44 0
"3414" 39 45 0
"3415" 39 46 0
"3416" 39 47 0
"3417" 39 48 0
"3418" 39 49 0
"3419" 39 50 0
"3420" 39 51 0
"3421" 39 52 0
"3422" 39 53 0
"3423" 39 54 0
"3424" 39 55 0
"3425" 39 56 0
"3426" 39 57 0
"3427" 39 58 0
"3428" 39 59 0
"3429" 39 60 0
"3430" 39 61 0
"3431" 39 62 0
"3432" 39 63 0
"3433" 39 64 0
"3434" 39 65 0
"3435" 39 66 0
"3436" 39 67 0
"3437" 39 68 0
"3438" 39 69 0
"3439" 39 70 0
"3440" 39 71 0
"3441" 39 72 0
"3442" 39 73 0
"3443" 39 74 0
"3444" 39 75 0
"3445" 39 76 0
"3446" 39 77 0
"3447" 39 78 0
"3448" 39 79 0
"3449" 39 80 0
"3450" 39 81 0
"3451" 39 82 0
"3452" 39 83 0
"3453" 39 84 0
"3454" 39 85 0
"3455" 39 86 0
"3456" 39 87 0
"3457" 40 1 0
"3458" 40 2 0
"3459" 40 3 0
"3460" 40 4 0
"3461" 40 5 0
"3462" 40 6 0
"3463" 40 7 0
"3464" 40 8 0
"3465" 40 9 0
"3466" 40 10 0
"3467" 40 11 0
"3468" 40 12 0
"3469" 40 13 0
"3470" 40 14 0
"3471" 40 15 0
"3472" 40 16 0
"3473" 40 17 0
"3474" 40 18 0
"3475" 40 19 0
"3476" 40 20 0
"3477" 40 21 0
"3478" 40 22 0
"3479" 40 23 0
"3480" 40 24 0
"3481" 40 25 0
"3482" 40 26 0
"3483" 40 27 0
"3484" 40 28 0
"3485" 40 29 0
"3486" 40 30 0
"3487" 40 31 0
"3488" 40 32 0
"3489" 40 33 0
"3490" 40 34 0
"3491" 40 35 0
"3492" 40 36 0
"3493" 40 37 0
"3494" 40 38 0
"3495" 40 39 0
"3496" 40 40 0
"3497" 40 41 0
"3498" 40 42 0
"3499" 40 43 0
"3500" 40 44 0
"3501" 40 45 0
"3502" 40 46 0
"3503" 40 47 0
"3504" 40 48 0
"3505" 40 49 0
"3506" 40 50 0
"3507" 40 51 0
"3508" 40 52 0
"3509" 40 53 0
"3510" 40 54 0
"3511" 40 55 0
"3512" 40 56 0
"3513" 40 57 0
"3514" 40 58 0
"3515" 40 59 0
"3516" 40 60 0
"3517" 40 61 0
"3518" 40 62 0
"3519" 40 63 0
"3520" 40 64 0
"3521" 40 65 0
"3522" 40 66 0
"3523" 40 67 0
"3524" 40 68 0
"3525" 40 69 0
"3526" 40 70 0
"3527" 40 71 0
"3528" 40 72 0
"3529" 40 73 0
"3530" 40 74 0
"3531" 40 75 0
"3532" 40 76 0
"3533" 40 77 0
"3534" 40 78 0
"3535" 40 79 0
"3536" 40 80 0
"3537" 40 81 0
"3538" 40 82 0
"3539" 40 83 0
"3540" 40 84 0
"3541" 40 85 0
"3542" 40 86 0
"3543" 40 87 0
"3544" 41 1 0
"3545" 41 2 0
"3546" 41 3 0
"3547" 41 4 0
"3548" 41 5 0
"3549" 41 6 0
"3550" 41 7 0
"3551" 41 8 0
"3552" 41 9 0
"3553" 41 10 0
"3554" 41 11 0
"3555" 41 12 0
"3556" 41 13 0
"3557" 41 14 0
"3558" 41 15 0
"3559" 41 16 0
"3560" 41 17 0
"3561" 41 18 0
"3562" 41 19 0
"3563" 41 20 0
"3564" 41 21 0
"3565" 41 22 0
"3566" 41 23 0
"3567" 41 24 0
"3568" 41 25 0
"3569" 41 26 0
"3570" 41 27 0
"3571" 41 28 0
"3572" 41 29 0
"3573" 41 30 0
"3574" 41 31 0
"3575" 41 32 0
"3576" 41 33 0
"3577" 41 34 0
"3578" 41 35 0
"3579" 41 36 0
"3580" 41 37 0
"3581" 41 38 0
"3582" 41 39 0
"3583" 41 40 0
"3584" 41 41 0
"3585" 41 42 0
"3586" 41 43 0
"3587" 41 44 0
"3588" 41 45 0
"3589" 41 46 0
"3590" 41 47 0
"3591" 41 48 0
"3592" 41 49 0
"3593" 41 50 0
"3594" 41 51 0
"3595" 41 52 0
"3596" 41 53 0
"3597" 41 54 0
"3598" 41 55 0
"3599" 41 56 0
"3600" 41 57 0
"3601" 41 58 0
"3602" 41 59 0
"3603" 41 60 0
"3604" 41 61 0
"3605" 41 62 0
"3606" 41 63 0
"3607" 41 64 0
"3608" 41 65 0
"3609" 41 66 0
"3610" 41 67 0
"3611" 41 68 0
"3612" 41 69 0
"3613" 41 70 0
"3614" 41 71 0
"3615" 41 72 0
"3616" 41 73 0
"3617" 41 74 0
"3618" 41 75 0
"3619" 41 76 0
"3620" 41 77 0
"3621" 41 78 0
"3622" 41 79 0
"3623" 41 80 0
"3624" 41 81 0
"3625" 41 82 0
"3626" 41 83 0
"3627" 41 84 0
"3628" 41 85 0
"3629" 41 86 0
"3630" 41 87 0
"3631" 42 1 0
"3632" 42 2 0
"3633" 42 3 0
"3634" 42 4 0
"3635" 42 5 0
"3636" 42 6 0
"3637" 42 7 0
"3638" 42 8 0
"3639" 42 9 0
"3640" 42 10 0
"3641" 42 11 0
"3642" 42 12 0
"3643" 42 13 0
"3644" 42 14 0
"3645" 42 15 0
"3646" 42 16 0
"3647" 42 17 0
"3648" 42 18 0
"3649" 42 19 0
"3650" 42 20 0
"3651" 42 21 0
"3652" 42 22 0
"3653" 42 23 0
"3654" 42 24 0
"3655" 42 25 0
"3656" 42 26 0
"3657" 42 27 0
"3658" 42 28 0
"3659" 42 29 0
"3660" 42 30 0
"3661" 42 31 0
"3662" 42 32 0
"3663" 42 33 0
"3664" 42 34 0
"3665" 42 35 0
"3666" 42 36 0
"3667" 42 37 0
"3668" 42 38 0
"3669" 42 39 0
"3670" 42 40 0
"3671" 42 41 0
"3672" 42 42 0
"3673" 42 43 0
"3674" 42 44 0
"3675" 42 45 0
"3676" 42 46 0
"3677" 42 47 0
"3678" 42 48 0
"3679" 42 49 0
"3680" 42 50 0
"3681" 42 51 0
"3682" 42 52 0
"3683" 42 53 0
"3684" 42 54 0
"3685" 42 55 0
"3686" 42 56 0
"3687" 42 57 0
"3688" 42 58 0
"3689" 42 59 0
"3690" 42 60 0
"3691" 42 61 0
"3692" 42 62 0
"3693" 42 63 0
"3694" 42 64 0
"3695" 42 65 0
"3696" 42 66 0
"3697" 42 67 0
"3698" 42 68 0
"3699" 42 69 0
"3700" 42 70 0
"3701" 42 71 0
"3702" 42 72 0
"3703" 42 73 0
"3704" 42 74 0
"3705" 42 75 0
"3706" 42 76 0
"3707" 42 77 0
"3708" 42 78 0
"3709" 42 79 0
"3710" 42 80 0
"3711" 42 81 0
"3712" 42 82 0
"3713" 42 83 0
"3714" 42 84 0
"3715" 42 85 0
"3716" 42 86 0
"3717" 42 87 0
"3718" 43 1 0
"3719" 43 2 0
"3720" 43 3 0
"3721" 43 4 0
"3722" 43 5 0
"3723" 43 6 0
"3724" 43 7 0
"3725" 43 8 0
"3726" 43 9 0
"3727" 43 10 0
"3728" 43 11 0
"3729" 43 12 0
"3730" 43 13 0
"3731" 43 14 0
"3732" 43 15 0
"3733" 43 16 0
"3734" 43 17 0
"3735" 43 18 0
"3736" 43 19 0
"3737" 43 20 0
"3738" 43 21 0
"3739" 43 22 0
"3740" 43 23 0
"3741" 43 24 0
"3742" 43 25 0
"3743" 43 26 0
"3744" 43 27 0
"3745" 43 28 0
"3746" 43 29 0
"3747" 43 30 0
"3748" 43 31 0
"3749" 43 32 0
"3750" 43 33 0
"3751" 43 34 0
"3752" 43 35 0
"3753" 43 36 0
"3754" 43 37 0
"3755" 43 38 0
"3756" 43 39 0
"3757" 43 40 0
"3758" 43 41 0
"3759" 43 42 0
"3760" 43 43 0
"3761" 43 44 0
"3762" 43 45 0
"3763" 43 46 0
"3764" 43 47 0
"3765" 43 48 0
"3766" 43 49 0
"3767" 43 50 0
"3768" 43 51 0
"3769" 43 52 0
"3770" 43 53 0
"3771" 43 54 0
"3772" 43 55 0
"3773" 43 56 0
"3774" 43 57 0
"3775" 43 58 0
"3776" 43 59 0
"3777" 43 60 0
"3778" 43 61 0
"3779" 43 62 0
"3780" 43 63 0
"3781" 43 64 0
"3782" 43 65 0
"3783" 43 66 0
"3784" 43 67 0
"3785" 43 68 0
"3786" 43 69 0
"3787" 43 70 0
"3788" 43 71 0
"3789" 43 72 0
"3790" 43 73 0
"3791" 43 74 0
"3792" 43 75 0
"3793" 43 76 0
"3794" 43 77 0
"3795" 43 78 0
"3796" 43 79 0
"3797" 43 80 0
"3798" 43 81 0
"3799" 43 82 0
"3800" 43 83 0
"3801" 43 84 0
"3802" 43 85 0
"3803" 43 86 0
"3804" 43 87 0
"3805" 44 1 0
"3806" 44 2 0
"3807" 44 3 0
"3808" 44 4 0
"3809" 44 5 0
"3810" 44 6 0
"3811" 44 7 0
"3812" 44 8 0
"3813" 44 9 0
"3814" 44 10 0
"3815" 44 11 0
"3816" 44 12 0
"3817" 44 13 0
"3818" 44 14 0
"3819" 44 15 0
"3820" 44 16 0
"3821" 44 17 0
"3822" 44 18 0
"3823" 44 19 0
"3824" 44 20 0
"3825" 44 21 0
"3826" 44 22 0
"3827" 44 23 0
"3828" 44 24 0
"3829" 44 25 0
"3830" 44 26 0
"3831" 44 27 0
"3832" 44 28 0
"3833" 44 29 0
"3834" 44 30 0
"3835" 44 31 0
"3836" 44 32 0
"3837" 44 33 0
"3838" 44 34 0
"3839" 44 35 0
"3840" 44 36 0
"3841" 44 37 0
"3842" 44 38 0
"3843" 44 39 0
"3844" 44 40 0
"3845" 44 41 0
"3846" 44 42 0
"3847" 44 43 0
"3848" 44 44 0
"3849" 44 45 0
"3850" 44 46 0
"3851" 44 47 0
"3852" 44 48 0
"3853" 44 49 0
"3854" 44 50 0
"3855" 44 51 0
"3856" 44 52 0
"3857" 44 53 0
"3858" 44 54 0
"3859" 44 55 0
"3860" 44 56 0
"3861" 44 57 0
"3862" 44 58 0
"3863" 44 59 0
"3864" 44 60 0
"3865" 44 61 0
"3866" 44 62 0
"3867" 44 63 0
"3868" 44 64 0
"3869" 44 65 0
"3870" 44 66 0
"3871" 44 67 0
"3872" 44 68 0
"3873" 44 69 0
"3874" 44 70 0
"3875" 44 71 0
"3876" 44 72 0
"3877" 44 73 0
"3878" 44 74 0
"3879" 44 75 0
"3880" 44 76 0
"3881" 44 77 0
"3882" 44 78 0
"3883" 44 79 0
"3884" 44 80 0
"3885" 44 81 0
"3886" 44 82 0
"3887" 44 83 0
"3888" 44 84 0
"3889" 44 85 0
"3890" 44 86 0
"3891" 44 87 0
"3892" 45 1 0
"3893" 45 2 0
"3894" 45 3 0
"3895" 45 4 0
"3896" 45 5 0
"3897" 45 6 0
"3898" 45 7 0
"3899" 45 8 0
"3900" 45 9 0
"3901" 45 10 0
"3902" 45 11 0
"3903" 45 12 0
"3904" 45 13 0
"3905" 45 14 0
"3906" 45 15 0
"3907" 45 16 0
"3908" 45 17 0
"3909" 45 18 0
"3910" 45 19 0
"3911" 45 20 0
"3912" 45 21 0
"3913" 45 22 0
"3914" 45 23 0
"3915" 45 24 0
"3916" 45 25 0
"3917" 45 26 0
"3918" 45 27 0
"3919" 45 28 0
"3920" 45 29 0
"3921" 45 30 0
"3922" 45 31 0
"3923" 45 32 0
"3924" 45 33 0
"3925" 45 34 0
"3926" 45 35 0
"3927" 45 36 0
"3928" 45 37 0
"3929" 45 38 0
"3930" 45 39 0
"3931" 45 40 0
"3932" 45 41 0
"3933" 45 42 0
"3934" 45 43 0
"3935" 45 44 0
"3936" 45 45 0
"3937" 45 46 0
"3938" 45 47 0
"3939" 45 48 0
"3940" 45 49 0
"3941" 45 50 0
"3942" 45 51 0
"3943" 45 52 0
"3944" 45 53 0
"3945" 45 54 0
"3946" 45 55 0
"3947" 45 56 0
"3948" 45 57 0
"3949" 45 58 0
"3950" 45 59 0
"3951" 45 60 0
"3952" 45 61 0
"3953" 45 62 0
"3954" 45 63 0
"3955" 45 64 0
"3956" 45 65 0
"3957" 45 66 0
"3958" 45 67 0
"3959" 45 68 0
"3960" 45 69 0
"3961" 45 70 0
"3962" 45 71 0
"3963" 45 72 0
"3964" 45 73 0
"3965" 45 74 0
"3966" 45 75 0
"3967" 45 76 0
"3968" 45 77 0
"3969" 45 78 0
"3970" 45 79 0
"3971" 45 80 0
"3972" 45 81 0
"3973" 45 82 0
"3974" 45 83 0
"3975" 45 84 0
"3976" 45 85 0
"3977" 45 86 0
"3978" 45 87 0
"3979" 46 1 0
"3980" 46 2 0
"3981" 46 3 0
"3982" 46 4 0
"3983" 46 5 0
"3984" 46 6 0
"3985" 46 7 0
"3986" 46 8 0
"3987" 46 9 0
"3988" 46 10 0
"3989" 46 11 0
"3990" 46 12 0
"3991" 46 13 0
"3992" 46 14 0
"3993" 46 15 0
"3994" 46 16 0
"3995" 46 17 0
"3996" 46 18 0
"3997" 46 19 0
"3998" 46 20 0
"3999" 46 21 0
"4000" 46 22 0
"4001" 46 23 0
"4002" 46 24 0
"4003" 46 25 0
"4004" 46 26 0
"4005" 46 27 0
"4006" 46 28 0
"4007" 46 29 0
"4008" 46 30 0
"4009" 46 31 0
"4010" 46 32 0
"4011" 46 33 0
"4012" 46 34 0
"4013" 46 35 0
"4014" 46 36 0
"4015" 46 37 0
"4016" 46 38 0
"4017" 46 39 0
"4018" 46 40 0
"4019" 46 41 0
"4020" 46 42 0
"4021" 46 43 0
"4022" 46 44 0
"4023" 46 45 0
"4024" 46 46 0
"4025" 46 47 0
"4026" 46 48 0
"4027" 46 49 0
"4028" 46 50 0
"4029" 46 51 0
"4030" 46 52 0
"4031" 46 53 0
"4032" 46 54 0
"4033" 46 55 0
"4034" 46 56 0
"4035" 46 57 0
"4036" 46 58 0
"4037" 46 59 0
"4038" 46 60 0
"4039" 46 61 0
"4040" 46 62 0
"4041" 46 63 0
"4042" 46 64 0
"4043" 46 65 0
"4044" 46 66 0
"4045" 46 67 0
"4046" 46 68 0
"4047" 46 69 0
"4048" 46 70 0
"4049" 46 71 0
"4050" 46 72 0
"4051" 46 73 0
"4052" 46 74 0
"4053" 46 75 0
"4054" 46 76 0
"4055" 46 77 0
"4056" 46 78 0
"4057" 46 79 0
"4058" 46 80 0
"4059" 46 81 0
"4060" 46 82 0
"4061" 46 83 0
"4062" 46 84 0
"4063" 46 85 0
"4064" 46 86 0
"4065" 46 87 0
"4066" 47 1 0
"4067" 47 2 0
"4068" 47 3 0
"4069" 47 4 0
"4070" 47 5 0
"4071" 47 6 0
"4072" 47 7 0
"4073" 47 8 0
"4074" 47 9 0
"4075" 47 10 0
"4076" 47 11 0
"4077" 47 12 0
"4078" 47 13 0
"4079" 47 14 0
"4080" 47 15 0
"4081" 47 16 0
"4082" 47 17 0
"4083" 47 18 0
"4084" 47 19 0
"4085" 47 20 0
"4086" 47 21 0
"4087" 47 22 0
"4088" 47 23 0
"4089" 47 24 0
"4090" 47 25 0
"4091" 47 26 0
"4092" 47 27 0
"4093" 47 28 0
"4094" 47 29 0
"4095" 47 30 0
"4096" 47 31 0
"4097" 47 32 0
"4098" 47 33 0
"4099" 47 34 0
"4100" 47 35 0
"4101" 47 36 0
"4102" 47 37 0
"4103" 47 38 0
"4104" 47 39 0
"4105" 47 40 0
"4106" 47 41 0
"4107" 47 42 0
"4108" 47 43 0
"4109" 47 44 0
"4110" 47 45 0
"4111" 47 46 0
"4112" 47 47 0
"4113" 47 48 0
"4114" 47 49 0
"4115" 47 50 0
"4116" 47 51 0
"4117" 47 52 0
"4118" 47 53 0
"4119" 47 54 0
"4120" 47 55 0
"4121" 47 56 0
"4122" 47 57 0
"4123" 47 58 0
"4124" 47 59 0
"4125" 47 60 0
"4126" 47 61 0
"4127" 47 62 0
"4128" 47 63 0
"4129" 47 64 0
"4130" 47 65 0
"4131" 47 66 0
"4132" 47 67 0
"4133" 47 68 0
"4134" 47 69 0
"4135" 47 70 0
"4136" 47 71 0
"4137" 47 72 0
"4138" 47 73 0
"4139" 47 74 0
"4140" 47 75 0
"4141" 47 76 0
"4142" 47 77 0
"4143" 47 78 0
"4144" 47 79 0
"4145" 47 80 0
"4146" 47 81 0
"4147" 47 82 0
"4148" 47 83 0
"4149" 47 84 0
"4150" 47 85 0
"4151" 47 86 0
"4152" 47 87 0
"4153" 48 1 0
"4154" 48 2 0
"4155" 48 3 0
"4156" 48 4 0
"4157" 48 5 0
"4158" 48 6 0
"4159" 48 7 0
"4160" 48 8 0
"4161" 48 9 0
"4162" 48 10 0
"4163" 48 11 0
"4164" 48 12 0
"4165" 48 13 0
"4166" 48 14 0
"4167" 48 15 0
"4168" 48 16 0
"4169" 48 17 0
"4170" 48 18 0
"4171" 48 19 0
"4172" 48 20 0
"4173" 48 21 0
"4174" 48 22 0
"4175" 48 23 0
"4176" 48 24 0
"4177" 48 25 0
"4178" 48 26 0
"4179" 48 27 0
"4180" 48 28 0
"4181" 48 29 0
"4182" 48 30 0
"4183" 48 31 0
"4184" 48 32 0
"4185" 48 33 0
"4186" 48 34 0
"4187" 48 35 0
"4188" 48 36 0
"4189" 48 37 0
"4190" 48 38 0
"4191" 48 39 0
"4192" 48 40 0
"4193" 48 41 0
"4194" 48 42 0
"4195" 48 43 0
"4196" 48 44 0
"4197" 48 45 0
"4198" 48 46 0
"4199" 48 47 0
"4200" 48 48 0
"4201" 48 49 0
"4202" 48 50 0
"4203" 48 51 0
"4204" 48 52 0
"4205" 48 53 0
"4206" 48 54 0
"4207" 48 55 0
"4208" 48 56 0
"4209" 48 57 0
"4210" 48 58 0
"4211" 48 59 0
"4212" 48 60 0
"4213" 48 61 0
"4214" 48 62 0
"4215" 48 63 0
"4216" 48 64 0
"4217" 48 65 0
"4218" 48 66 0
"4219" 48 67 0
"4220" 48 68 0
"4221" 48 69 0
"4222" 48 70 0
"4223" 48 71 0
"4224" 48 72 0
"4225" 48 73 0
"4226" 48 74 0
"4227" 48 75 0
"4228" 48 76 0
"4229" 48 77 0
"4230" 48 78 0
"4231" 48 79 0
"4232" 48 80 0
"4233" 48 81 0
"4234" 48 82 0
"4235" 48 83 0
"4236" 48 84 0
"4237" 48 85 0
"4238" 48 86 0
"4239" 48 87 0
"4240" 49 1 0
"4241" 49 2 0
"4242" 49 3 0
"4243" 49 4 0
"4244" 49 5 0
"4245" 49 6 0
"4246" 49 7 0
"4247" 49 8 0
"4248" 49 9 0
"4249" 49 10 0
"4250" 49 11 0
"4251" 49 12 0
"4252" 49 13 0
"4253" 49 14 0
"4254" 49 15 0
"4255" 49 16 0
"4256" 49 17 0
"4257" 49 18 0
"4258" 49 19 0
"4259" 49 20 0
"4260" 49 21 0
"4261" 49 22 0
"4262" 49 23 0
"4263" 49 24 0
"4264" 49 25 0
"4265" 49 26 0
"4266" 49 27 0
"4267" 49 28 0
"4268" 49 29 0
"4269" 49 30 0
"4270" 49 31 0
"4271" 49 32 0
"4272" 49 33 0
"4273" 49 34 0
"4274" 49 35 0
"4275" 49 36 0
"4276" 49 37 0
"4277" 49 38 0
"4278" 49 39 0
"4279" 49 40 0
"4280" 49 41 0
"4281" 49 42 0
"4282" 49 43 0
"4283" 49 44 0
"4284" 49 45 0
"4285" 49 46 0
"4286" 49 47 0
"4287" 49 48 0
"4288" 49 49 0
"4289" 49 50 0
"4290" 49 51 0
"4291" 49 52 0
"4292" 49 53 0
"4293" 49 54 0
"4294" 49 55 0
"4295" 49 56 0
"4296" 49 57 0
"4297" 49 58 0
"4298" 49 59 0
"4299" 49 60 0
"4300" 49 61 0
"4301" 49 62 0
"4302" 49 63 0
"4303" 49 64 0
"4304" 49 65 0
"4305" 49 66 0
"4306" 49 67 0
"4307" 49 68 0
"4308" 49 69 0
"4309" 49 70 0
"4310" 49 71 0
"4311" 49 72 0
"4312" 49 73 0
"4313" 49 74 0
"4314" 49 75 0
"4315" 49 76 0
"4316" 49 77 0
"4317" 49 78 0
"4318" 49 79 0
"4319" 49 80 0
"4320" 49 81 0
"4321" 49 82 0
"4322" 49 83 0
"4323" 49 84 0
"4324" 49 85 0
"4325" 49 86 0
"4326" 49 87 0
"4327" 50 1 0
"4328" 50 2 0
"4329" 50 3 0
"4330" 50 4 0
"4331" 50 5 0
"4332" 50 6 0
"4333" 50 7 0
"4334" 50 8 0
"4335" 50 9 0
"4336" 50 10 0
"4337" 50 11 0
"4338" 50 12 0
"4339" 50 13 0
"4340" 50 14 0
"4341" 50 15 0
"4342" 50 16 0
"4343" 50 17 0
"4344" 50 18 0
"4345" 50 19 0
"4346" 50 20 0
"4347" 50 21 0
"4348" 50 22 0
"4349" 50 23 0
"4350" 50 24 0
"4351" 50 25 0
"4352" 50 26 0
"4353" 50 27 0
"4354" 50 28 0
"4355" 50 29 0
"4356" 50 30 0
"4357" 50 31 0
"4358" 50 32 0
"4359" 50 33 0
"4360" 50 34 0
"4361" 50 35 0
"4362" 50 36 0
"4363" 50 37 0
"4364" 50 38 0
"4365" 50 39 0
"4366" 50 40 0
"4367" 50 41 0
"4368" 50 42 0
"4369" 50 43 0
"4370" 50 44 0
"4371" 50 45 0
"4372" 50 46 0
"4373" 50 47 0
"4374" 50 48 0
"4375" 50 49 0
"4376" 50 50 0
"4377" 50 51 0
"4378" 50 52 0
"4379" 50 53 0
"4380" 50 54 0
"4381" 50 55 0
"4382" 50 56 0
"4383" 50 57 0
"4384" 50 58 0
"4385" 50 59 0
"4386" 50 60 0
"4387" 50 61 0
"4388" 50 62 0
"4389" 50 63 0
"4390" 50 64 0
"4391" 50 65 0
"4392" 50 66 0
"4393" 50 67 0
"4394" 50 68 0
"4395" 50 69 0
"4396" 50 70 0
"4397" 50 71 0
"4398" 50 72 0
"4399" 50 73 0
"4400" 50 74 0
"4401" 50 75 0
"4402" 50 76 0
"4403" 50 77 0
"4404" 50 78 0
"4405" 50 79 0
"4406" 50 80 0
"4407" 50 81 0
"4408" 50 82 0
"4409" 50 83 0
"4410" 50 84 0
"4411" 50 85 0
"4412" 50 86 0
"4413" 50 87 0
"4414" 51 1 0
"4415" 51 2 0
"4416" 51 3 0
"4417" 51 4 0
"4418" 51 5 0
"4419" 51 6 0
"4420" 51 7 0
"4421" 51 8 0
"4422" 51 9 0
"4423" 51 10 0
"4424" 51 11 0
"4425" 51 12 0
"4426" 51 13 0
"4427" 51 14 0
"4428" 51 15 0
"4429" 51 16 0
"4430" 51 17 0
"4431" 51 18 0
"4432" 51 19 0
"4433" 51 20 0
"4434" 51 21 0
"4435" 51 22 0
"4436" 51 23 0
"4437" 51 24 0
"4438" 51 25 0
"4439" 51 26 0
"4440" 51 27 0
"4441" 51 28 0
"4442" 51 29 0
"4443" 51 30 0
"4444" 51 31 0
"4445" 51 32 0
"4446" 51 33 0
"4447" 51 34 0
"4448" 51 35 0
"4449" 51 36 0
"4450" 51 37 0
"4451" 51 38 0
"4452" 51 39 0
"4453" 51 40 0
"4454" 51 41 0
"4455" 51 42 0
"4456" 51 43 0
"4457" 51 44 0
"4458" 51 45 0
"4459" 51 46 0
"4460" 51 47 0
"4461" 51 48 0
"4462" 51 49 0
"4463" 51 50 0
"4464" 51 51 0
"4465" 51 52 0
"4466" 51 53 0
"4467" 51 54 0
"4468" 51 55 0
"4469" 51 56 0
"4470" 51 57 0
"4471" 51 58 0
"4472" 51 59 0
"4473" 51 60 0
"4474" 51 61 0
"4475" 51 62 0
"4476" 51 63 0
"4477" 51 64 0
"4478" 51 65 0
"4479" 51 66 0
"4480" 51 67 0
"4481" 51 68 0
"4482" 51 69 0
"4483" 51 70 0
"4484" 51 71 0
"4485" 51 72 0
"4486" 51 73 0
"4487" 51 74 0
"4488" 51 75 0
"4489" 51 76 0
"4490" 51 77 0
"4491" 51 78 0
"4492" 51 79 0
"4493" 51 80 0
"4494" 51 81 0
"4495" 51 82 0
"4496" 51 83 0
"4497" 51 84 0
"4498" 51 85 0
"4499" 51 86 0
"4500" 51 87 0
"4501" 52 1 0
"4502" 52 2 0
"4503" 52 3 0
"4504" 52 4 0
"4505" 52 5 0
"4506" 52 6 0
"4507" 52 7 0
"4508" 52 8 0
"4509" 52 9 0
"4510" 52 10 0
"4511" 52 11 0
"4512" 52 12 0
"4513" 52 13 0
"4514" 52 14 0
"4515" 52 15 0
"4516" 52 16 0
"4517" 52 17 0
"4518" 52 18 0
"4519" 52 19 0
"4520" 52 20 0
"4521" 52 21 0
"4522" 52 22 0
"4523" 52 23 0
"4524" 52 24 0
"4525" 52 25 0
"4526" 52 26 0
"4527" 52 27 0
"4528" 52 28 0
"4529" 52 29 0
"4530" 52 30 0
"4531" 52 31 0
"4532" 52 32 0
"4533" 52 33 0
"4534" 52 34 0
"4535" 52 35 0
"4536" 52 36 0
"4537" 52 37 0
"4538" 52 38 0
"4539" 52 39 0
"4540" 52 40 0
"4541" 52 41 0
"4542" 52 42 0
"4543" 52 43 0
"4544" 52 44 0
"4545" 52 45 0
"4546" 52 46 0
"4547" 52 47 0
"4548" 52 48 0
"4549" 52 49 0
"4550" 52 50 0
"4551" 52 51 0
"4552" 52 52 0
"4553" 52 53 0
"4554" 52 54 0
"4555" 52 55 0
"4556" 52 56 0
"4557" 52 57 0
"4558" 52 58 0
"4559" 52 59 0
"4560" 52 60 0
"4561" 52 61 0
"4562" 52 62 0
"4563" 52 63 0
"4564" 52 64 0
"4565" 52 65 0
"4566" 52 66 0
"4567" 52 67 0
"4568" 52 68 0
"4569" 52 69 0
"4570" 52 70 0
"4571" 52 71 0
"4572" 52 72 0
"4573" 52 73 0
"4574" 52 74 0
"4575" 52 75 0
"4576" 52 76 0
"4577" 52 77 0
"4578" 52 78 0
"4579" 52 79 0
"4580" 52 80 0
"4581" 52 81 0
"4582" 52 82 0
"4583" 52 83 0
"4584" 52 84 0
"4585" 52 85 0
"4586" 52 86 0
"4587" 52 87 0
"4588" 53 1 0
"4589" 53 2 0
"4590" 53 3 0
"4591" 53 4 0
"4592" 53 5 0
"4593" 53 6 0
"4594" 53 7 0
"4595" 53 8 0
"4596" 53 9 0
"4597" 53 10 0
"4598" 53 11 0
"4599" 53 12 0
"4600" 53 13 0
"4601" 53 14 0
"4602" 53 15 0
"4603" 53 16 0
"4604" 53 17 0
"4605" 53 18 0
"4606" 53 19 0
"4607" 53 20 0
"4608" 53 21 0
"4609" 53 22 0
"4610" 53 23 0
"4611" 53 24 0
"4612" 53 25 0
"4613" 53 26 0
"4614" 53 27 0
"4615" 53 28 0
"4616" 53 29 0
"4617" 53 30 0
"4618" 53 31 0
"4619" 53 32 0
"4620" 53 33 0
"4621" 53 34 0
"4622" 53 35 0
"4623" 53 36 0
"4624" 53 37 0
"4625" 53 38 0
"4626" 53 39 0
"4627" 53 40 0
"4628" 53 41 0
"4629" 53 42 0
"4630" 53 43 0
"4631" 53 44 0
"4632" 53 45 0
"4633" 53 46 0
"4634" 53 47 0
"4635" 53 48 0
"4636" 53 49 0
"4637" 53 50 0
"4638" 53 51 0
"4639" 53 52 0
"4640" 53 53 0
"4641" 53 54 0
"4642" 53 55 0
"4643" 53 56 0
"4644" 53 57 0
"4645" 53 58 0
"4646" 53 59 0
"4647" 53 60 0
"4648" 53 61 0
"4649" 53 62 0
"4650" 53 63 0
"4651" 53 64 0
"4652" 53 65 0
"4653" 53 66 0
"4654" 53 67 0
"4655" 53 68 0
"4656" 53 69 0
"4657" 53 70 0
"4658" 53 71 0
"4659" 53 72 0
"4660" 53 73 0
"4661" 53 74 0
"4662" 53 75 0
"4663" 53 76 0
"4664" 53 77 0
"4665" 53 78 0
"4666" 53 79 0
"4667" 53 80 0
"4668" 53 81 0
"4669" 53 82 0
"4670" 53 83 0
"4671" 53 84 0
"4672" 53 85 0
"4673" 53 86 0
"4674" 53 87 0
"4675" 54 1 0
"4676" 54 2 0
"4677" 54 3 0
"4678" 54 4 0
"4679" 54 5 0
"4680" 54 6 0
"4681" 54 7 0
"4682" 54 8 0
"4683" 54 9 0
"4684" 54 10 0
"4685" 54 11 0
"4686" 54 12 0
"4687" 54 13 0
"4688" 54 14 0
"4689" 54 15 0
"4690" 54 16 0
"4691" 54 17 0
"4692" 54 18 0
"4693" 54 19 0
"4694" 54 20 0
"4695" 54 21 0
"4696" 54 22 0
"4697" 54 23 0
"4698" 54 24 0
"4699" 54 25 0
"4700" 54 26 0
"4701" 54 27 0
"4702" 54 28 0
"4703" 54 29 0
"4704" 54 30 0
"4705" 54 31 0
"4706" 54 32 0
"4707" 54 33 0
"4708" 54 34 0
"4709" 54 35 0
"4710" 54 36 0
"4711" 54 37 0
"4712" 54 38 0
"4713" 54 39 0
"4714" 54 40 0
"4715" 54 41 0
"4716" 54 42 0
"4717" 54 43 0
"4718" 54 44 0
"4719" 54 45 0
"4720" 54 46 0
"4721" 54 47 0
"4722" 54 48 0
"4723" 54 49 0
"4724" 54 50 0
"4725" 54 51 0
"4726" 54 52 0
"4727" 54 53 0
"4728" 54 54 0
"4729" 54 55 0
"4730" 54 56 0
"4731" 54 57 0
"4732" 54 58 0
"4733" 54 59 0
"4734" 54 60 0
"4735" 54 61 0
"4736" 54 62 0
"4737" 54 63 0
"4738" 54 64 0
"4739" 54 65 0
"4740" 54 66 0
"4741" 54 67 0
"4742" 54 68 0
"4743" 54 69 0
"4744" 54 70 0
"4745" 54 71 0
"4746" 54 72 0
"4747" 54 73 0
"4748" 54 74 0
"4749" 54 75 0
"4750" 54 76 0
"4751" 54 77 0
"4752" 54 78 0
"4753" 54 79 0
"4754" 54 80 0
"4755" 54 81 0
"4756" 54 82 0
"4757" 54 83 0
"4758" 54 84 0
"4759" 54 85 0
"4760" 54 86 0
"4761" 54 87 0
"4762" 55 1 0
"4763" 55 2 0
"4764" 55 3 0
"4765" 55 4 0
"4766" 55 5 0
"4767" 55 6 0
"4768" 55 7 0
"4769" 55 8 0
"4770" 55 9 0
"4771" 55 10 0
"4772" 55 11 0
"4773" 55 12 0
"4774" 55 13 0
"4775" 55 14 0
"4776" 55 15 0
"4777" 55 16 0
"4778" 55 17 0
"4779" 55 18 0
"4780" 55 19 0
"4781" 55 20 0
"4782" 55 21 0
"4783" 55 22 0
"4784" 55 23 0
"4785" 55 24 0
"4786" 55 25 0
"4787" 55 26 0
"4788" 55 27 0
"4789" 55 28 0
"4790" 55 29 0
"4791" 55 30 0
"4792" 55 31 0
"4793" 55 32 0
"4794" 55 33 0
"4795" 55 34 0
"4796" 55 35 0
"4797" 55 36 0
"4798" 55 37 0
"4799" 55 38 0
"4800" 55 39 0
"4801" 55 40 0
"4802" 55 41 0
"4803" 55 42 0
"4804" 55 43 0
"4805" 55 44 0
"4806" 55 45 0
"4807" 55 46 0
"4808" 55 47 0
"4809" 55 48 0
"4810" 55 49 0
"4811" 55 50 0
"4812" 55 51 0
"4813" 55 52 0
"4814" 55 53 0
"4815" 55 54 0
"4816" 55 55 0
"4817" 55 56 0
"4818" 55 57 0
"4819" 55 58 0
"4820" 55 59 0
"4821" 55 60 0
"4822" 55 61 0
"4823" 55 62 0
"4824" 55 63 0
"4825" 55 64 0
"4826" 55 65 0
"4827" 55 66 0
"4828" 55 67 0
"4829" 55 68 0
"4830" 55 69 0
"4831" 55 70 0
"4832" 55 71 0
"4833" 55 72 0
"4834" 55 73 0
"4835" 55 74 0
"4836" 55 75 0
"4837" 55 76 0
"4838" 55 77 0
"4839" 55 78 0
"4840" 55 79 0
"4841" 55 80 0
"4842" 55 81 0
"4843" 55 82 0
"4844" 55 83 0
"4845" 55 84 0
"4846" 55 85 0
"4847" 55 86 0
"4848" 55 87 0
"4849" 56 1 0
"4850" 56 2 0
"4851" 56 3 0
"4852" 56 4 0
"4853" 56 5 0
"4854" 56 6 0
"4855" 56 7 0
"4856" 56 8 0
"4857" 56 9 0
"4858" 56 10 0
"4859" 56 11 0
"4860" 56 12 0
"4861" 56 13 0
"4862" 56 14 0
"4863" 56 15 0
"4864" 56 16 0
"4865" 56 17 0
"4866" 56 18 0
"4867" 56 19 0
"4868" 56 20 0
"4869" 56 21 0
"4870" 56 22 0
"4871" 56 23 0
"4872" 56 24 0
"4873" 56 25 0
"4874" 56 26 0
"4875" 56 27 0
"4876" 56 28 0
"4877" 56 29 0
"4878" 56 30 0
"4879" 56 31 0
"4880" 56 32 0
"4881" 56 33 0
"4882" 56 34 0
"4883" 56 35 0
"4884" 56 36 0
"4885" 56 37 0
"4886" 56 38 0
"4887" 56 39 0
"4888" 56 40 0
"4889" 56 41 0
"4890" 56 42 0
"4891" 56 43 0
"4892" 56 44 0
"4893" 56 45 0
"4894" 56 46 0
"4895" 56 47 0
"4896" 56 48 0
"4897" 56 49 0
"4898" 56 50 0
"4899" 56 51 0
"4900" 56 52 0
"4901" 56 53 0
"4902" 56 54 0
"4903" 56 55 0
"4904" 56 56 0
"4905" 56 57 0
"4906" 56 58 0
"4907" 56 59 0
"4908" 56 60 0
"4909" 56 61 0
"4910" 56 62 0
"4911" 56 63 0
"4912" 56 64 0
"4913" 56 65 0
"4914" 56 66 0
"4915" 56 67 0
"4916" 56 68 0
"4917" 56 69 0
"4918" 56 70 0
"4919" 56 71 0
"4920" 56 72 0
"4921" 56 73 0
"4922" 56 74 0
"4923" 56 75 0
"4924" 56 76 0
"4925" 56 77 0
"4926" 56 78 0
"4927" 56 79 0
"4928" 56 80 0
"4929" 56 81 0
"4930" 56 82 0
"4931" 56 83 0
"4932" 56 84 0
"4933" 56 85 0
"4934" 56 86 0
"4935" 56 87 0
"4936" 57 1 0
"4937" 57 2 0
"4938" 57 3 0
"4939" 57 4 0
"4940" 57 5 0
"4941" 57 6 0
"4942" 57 7 0
"4943" 57 8 0
"4944" 57 9 0
"4945" 57 10 0
"4946" 57 11 0
"4947" 57 12 0
"4948" 57 13 0
"4949" 57 14 0
"4950" 57 15 0
"4951" 57 16 0
"4952" 57 17 0
"4953" 57 18 0
"4954" 57 19 0
"4955" 57 20 0
"4956" 57 21 0
"4957" 57 22 0
"4958" 57 23 0
"4959" 57 24 0
"4960" 57 25 0
"4961" 57 26 0
"4962" 57 27 0
"4963" 57 28 0
"4964" 57 29 0
"4965" 57 30 0
"4966" 57 31 0
"4967" 57 32 0
"4968" 57 33 0
"4969" 57 34 0
"4970" 57 35 0
"4971" 57 36 0
"4972" 57 37 0
"4973" 57 38 0
"4974" 57 39 0
"4975" 57 40 0
"4976" 57 41 0
"4977" 57 42 0
"4978" 57 43 0
"4979" 57 44 0
"4980" 57 45 0
"4981" 57 46 0
"4982" 57 47 0
"4983" 57 48 0
"4984" 57 49 0
"4985" 57 50 0
"4986" 57 51 0
"4987" 57 52 0
"4988" 57 53 0
"4989" 57 54 0
"4990" 57 55 0
"4991" 57 56 0
"4992" 57 57 0
"4993" 57 58 0
"4994" 57 59 0
"4995" 57 60 0
"4996" 57 61 0
"4997" 57 62 0
"4998" 57 63 0
"4999" 57 64 0
"5000" 57 65 0
"5001" 57 66 0
"5002" 57 67 0
"5003" 57 68 0
"5004" 57 69 0
"5005" 57 70 0
"5006" 57 71 0
"5007" 57 72 0
"5008" 57 73 0
"5009" 57 74 0
"5010" 57 75 0
"5011" 57 76 0
"5012" 57 77 0
"5013" 57 78 0
"5014" 57 79 0
"5015" 57 80 0
"5016" 57 81 0
"5017" 57 82 0
"5018" 57 83 0
"5019" 57 84 0
"5020" 57 85 0
"5021" 57 86 0
"5022" 57 87 0
"5023" 58 1 0
"5024" 58 2 0
"5025" 58 3 0
"5026" 58 4 0
"5027" 58 5 0
"5028" 58 6 0
"5029" 58 7 0
"5030" 58 8 0
"5031" 58 9 0
"5032" 58 10 0
"5033" 58 11 0
"5034" 58 12 0
"5035" 58 13 0
"5036" 58 14 0
"5037" 58 15 0
"5038" 58 16 0
"5039" 58 17 0
"5040" 58 18 0
"5041" 58 19 0
"5042" 58 20 0
"5043" 58 21 0
"5044" 58 22 0
"5045" 58 23 0
"5046" 58 24 0
"5047" 58 25 0
"5048" 58 26 0
"5049" 58 27 0
"5050" 58 28 0
"5051" 58 29 0
"5052" 58 30 0
"5053" 58 31 0
"5054" 58 32 0
"5055" 58 33 0
"5056" 58 34 0
"5057" 58 35 0
"5058" 58 36 0
"5059" 58 37 0
"5060" 58 38 0
"5061" 58 39 0
"5062" 58 40 0
"5063" 58 41 0
"5064" 58 42 0
"5065" 58 43 0
"5066" 58 44 0
"5067" 58 45 0
"5068" 58 46 0
"5069" 58 47 0
"5070" 58 48 0
"5071" 58 49 0
"5072" 58 50 0
"5073" 58 51 0
"5074" 58 52 0
"5075" 58 53 0
"5076" 58 54 0
"5077" 58 55 0
"5078" 58 56 0
"5079" 58 57 0
"5080" 58 58 0
"5081" 58 59 0
"5082" 58 60 0
"5083" 58 61 0
"5084" 58 62 0
"5085" 58 63 0
"5086" 58 64 0
"5087" 58 65 0
"5088" 58 66 0
"5089" 58 67 0
"5090" 58 68 0
"5091" 58 69 0
"5092" 58 70 0
"5093" 58 71 0
"5094" 58 72 0
"5095" 58 73 0
"5096" 58 74 0
"5097" 58 75 0
"5098" 58 76 0
"5099" 58 77 0
"5100" 58 78 0
"5101" 58 79 0
"5102" 58 80 0
"5103" 58 81 0
"5104" 58 82 0
"5105" 58 83 0
"5106" 58 84 0
"5107" 58 85 0
"5108" 58 86 0
"5109" 58 87 0
"5110" 59 1 0
"5111" 59 2 0
"5112" 59 3 0
"5113" 59 4 0
"5114" 59 5 0
"5115" 59 6 0
"5116" 59 7 0
"5117" 59 8 0
"5118" 59 9 0
"5119" 59 10 0
"5120" 59 11 0
"5121" 59 12 0
"5122" 59 13 0
"5123" 59 14 0
"5124" 59 15 0
"5125" 59 16 0
"5126" 59 17 0
"5127" 59 18 0
"5128" 59 19 0
"5129" 59 20 0
"5130" 59 21 0
"5131" 59 22 0
"5132" 59 23 0
"5133" 59 24 0
"5134" 59 25 0
"5135" 59 26 0
"5136" 59 27 0
"5137" 59 28 0
"5138" 59 29 0
"5139" 59 30 0
"5140" 59 31 0
"5141" 59 32 0
"5142" 59 33 0
"5143" 59 34 0
"5144" 59 35 0
"5145" 59 36 0
"5146" 59 37 0
"5147" 59 38 0
"5148" 59 39 0
"5149" 59 40 0
"5150" 59 41 0
"5151" 59 42 0
"5152" 59 43 0
"5153" 59 44 0
"5154" 59 45 0
"5155" 59 46 0
"5156" 59 47 0
"5157" 59 48 0
"5158" 59 49 0
"5159" 59 50 0
"5160" 59 51 0
"5161" 59 52 0
"5162" 59 53 0
"5163" 59 54 0
"5164" 59 55 0
"5165" 59 56 0
"5166" 59 57 0
"5167" 59 58 0
"5168" 59 59 0
"5169" 59 60 0
"5170" 59 61 0
"5171" 59 62 0
"5172" 59 63 0
"5173" 59 64 0
"5174" 59 65 0
"5175" 59 66 0
"5176" 59 67 0
"5177" 59 68 0
"5178" 59 69 0
"5179" 59 70 0
"5180" 59 71 0
"5181" 59 72 0
"5182" 59 73 0
"5183" 59 74 0
"5184" 59 75 0
"5185" 59 76 0
"5186" 59 77 0
"5187" 59 78 0
"5188" 59 79 0
"5189" 59 80 0
"5190" 59 81 0
"5191" 59 82 0
"5192" 59 83 0
"5193" 59 84 0
"5194" 59 85 0
"5195" 59 86 0
"5196" 59 87 0
"5197" 60 1 0
"5198" 60 2 0
"5199" 60 3 0
"5200" 60 4 0
"5201" 60 5 0
"5202" 60 6 0
"5203" 60 7 0
"5204" 60 8 0
"5205" 60 9 0
"5206" 60 10 0
"5207" 60 11 0
"5208" 60 12 0
"5209" 60 13 0
"5210" 60 14 0
"5211" 60 15 0
"5212" 60 16 0
"5213" 60 17 0
"5214" 60 18 0
"5215" 60 19 0
"5216" 60 20 0
"5217" 60 21 0
"5218" 60 22 0
"5219" 60 23 0
"5220" 60 24 0
"5221" 60 25 0
"5222" 60 26 0
"5223" 60 27 0
"5224" 60 28 0
"5225" 60 29 0
"5226" 60 30 0
"5227" 60 31 0
"5228" 60 32 0
"5229" 60 33 0
"5230" 60 34 0
"5231" 60 35 0
"5232" 60 36 0
"5233" 60 37 0
"5234" 60 38 0
"5235" 60 39 0
"5236" 60 40 0
"5237" 60 41 0
"5238" 60 42 0
"5239" 60 43 0
"5240" 60 44 0
"5241" 60 45 0
"5242" 60 46 0
"5243" 60 47 0
"5244" 60 48 0
"5245" 60 49 0
"5246" 60 50 0
"5247" 60 51 0
"5248" 60 52 0
"5249" 60 53 0
"5250" 60 54 0
"5251" 60 55 0
"5252" 60 56 0
"5253" 60 57 0
"5254" 60 58 0
"5255" 60 59 0
"5256" 60 60 0
"5257" 60 61 0
"5258" 60 62 0
"5259" 60 63 0
"5260" 60 64 0
"5261" 60 65 0
"5262" 60 66 0
"5263" 60 67 0
"5264" 60 68 0
"5265" 60 69 0
"5266" 60 70 0
"5267" 60 71 0
"5268" 60 72 0
"5269" 60 73 0
"5270" 60 74 0
"5271" 60 75 0
"5272" 60 76 0
"5273" 60 77 0
"5274" 60 78 0
"5275" 60 79 0
"5276" 60 80 0
"5277" 60 81 0
"5278" 60 82 0
"5279" 60 83 0
"5280" 60 84 0
"5281" 60 85 0
"5282" 60 86 0
"5283" 60 87 0
"5284" 61 1 0
"5285" 61 2 0
"5286" 61 3 0
"5287" 61 4 0
"5288" 61 5 0
"5289" 61 6 0
"5290" 61 7 0
"5291" 61 8 0
"5292" 61 9 0
"5293" 61 10 0
"5294" 61 11 0
"5295" 61 12 0
"5296" 61 13 0
"5297" 61 14 0
"5298" 61 15 0
"5299" 61 16 0
"5300" 61 17 0
"5301" 61 18 0
"5302" 61 19 0
"5303" 61 20 0
"5304" 61 21 0
"5305" 61 22 0
"5306" 61 23 0
"5307" 61 24 0
"5308" 61 25 0
"5309" 61 26 0
"5310" 61 27 0
"5311" 61 28 0
"5312" 61 29 0
"5313" 61 30 0
"5314" 61 31 0
"5315" 61 32 0
"5316" 61 33 0
"5317" 61 34 0
"5318" 61 35 0
"5319" 61 36 0
"5320" 61 37 0
"5321" 61 38 0
"5322" 61 39 0
"5323" 61 40 0
"5324" 61 41 0
"5325" 61 42 0
"5326" 61 43 0
"5327" 61 44 0
"5328" 61 45 0
"5329" 61 46 0
"5330" 61 47 0
"5331" 61 48 0
"5332" 61 49 0
"5333" 61 50 0
"5334" 61 51 0
"5335" 61 52 0
"5336" 61 53 0
"5337" 61 54 0
"5338" 61 55 0
"5339" 61 56 0
"5340" 61 57 0
"5341" 61 58 0
"5342" 61 59 0
"5343" 61 60 0
"5344" 61 61 0
"5345" 61 62 0
"5346" 61 63 0
"5347" 61 64 0
"5348" 61 65 0
"5349" 61 66 0
"5350" 61 67 0
"5351" 61 68 0
"5352" 61 69 0
"5353" 61 70 0
"5354" 61 71 0
"5355" 61 72 0
"5356" 61 73 0
"5357" 61 74 0
"5358" 61 75 0
"5359" 61 76 0
"5360" 61 77 0
"5361" 61 78 0
"5362" 61 79 0
"5363" 61 80 0
"5364" 61 81 0
"5365" 61 82 0
"5366" 61 83 0
"5367" 61 84 0
"5368" 61 85 0
"5369" 61 86 0
"5370" 61 87 0
"5371" 62 1 0
"5372" 62 2 0
"5373" 62 3 0
"5374" 62 4 0
"5375" 62 5 0
"5376" 62 6 0
"5377" 62 7 0
"5378" 62 8 0
"5379" 62 9 0
"5380" 62 10 0
"5381" 62 11 0
"5382" 62 12 0
"5383" 62 13 0
"5384" 62 14 0
"5385" 62 15 0
"5386" 62 16 0
"5387" 62 17 0
"5388" 62 18 0
"5389" 62 19 0
"5390" 62 20 0
"5391" 62 21 0
"5392" 62 22 0
"5393" 62 23 0
"5394" 62 24 0
"5395" 62 25 0
"5396" 62 26 0
"5397" 62 27 0
"5398" 62 28 0
"5399" 62 29 0
"5400" 62 30 0
"5401" 62 31 0
"5402" 62 32 0
"5403" 62 33 0
"5404" 62 34 0
"5405" 62 35 0
"5406" 62 36 0
"5407" 62 37 0
"5408" 62 38 0
"5409" 62 39 0
"5410" 62 40 0
"5411" 62 41 0
"5412" 62 42 0
"5413" 62 43 0
"5414" 62 44 0
"5415" 62 45 0
"5416" 62 46 0
"5417" 62 47 0
"5418" 62 48 0
"5419" 62 49 0
"5420" 62 50 0
"5421" 62 51 0
"5422" 62 52 0
"5423" 62 53 0
"5424" 62 54 0
"5425" 62 55 0
"5426" 62 56 0
"5427" 62 57 0
"5428" 62 58 0
"5429" 62 59 0
"5430" 62 60 0
"5431" 62 61 0
"5432" 62 62 0
"5433" 62 63 0
"5434" 62 64 0
"5435" 62 65 0
"5436" 62 66 0
"5437" 62 67 0
"5438" 62 68 0
"5439" 62 69 0
"5440" 62 70 0
"5441" 62 71 0
"5442" 62 72 0
"5443" 62 73 0
"5444" 62 74 0
"5445" 62 75 0
"5446" 62 76 0
"5447" 62 77 0
"5448" 62 78 0
"5449" 62 79 0
"5450" 62 80 0
"5451" 62 81 0
"5452" 62 82 0
"5453" 62 83 0
"5454" 62 84 0
"5455" 62 85 0
"5456" 62 86 0
"5457" 62 87 0
"5458" 63 1 0
"5459" 63 2 0
"5460" 63 3 0
"5461" 63 4 0
"5462" 63 5 0
"5463" 63 6 0
"5464" 63 7 0
"5465" 63 8 0
"5466" 63 9 0
"5467" 63 10 0
"5468" 63 11 0
"5469" 63 12 0
"5470" 63 13 0
"5471" 63 14 0
"5472" 63 15 0
"5473" 63 16 0
"5474" 63 17 0
"5475" 63 18 0
"5476" 63 19 0
"5477" 63 20 0
"5478" 63 21 0
"5479" 63 22 0
"5480" 63 23 0
"5481" 63 24 0
"5482" 63 25 0
"5483" 63 26 0
"5484" 63 27 0
"5485" 63 28 0
"5486" 63 29 0
"5487" 63 30 0
"5488" 63 31 0
"5489" 63 32 0
"5490" 63 33 0
"5491" 63 34 0
"5492" 63 35 0
"5493" 63 36 0
"5494" 63 37 0
"5495" 63 38 0
"5496" 63 39 0
"5497" 63 40 0
"5498" 63 41 0
"5499" 63 42 0
"5500" 63 43 0
"5501" 63 44 0
"5502" 63 45 0
"5503" 63 46 0
"5504" 63 47 0
"5505" 63 48 0
"5506" 63 49 0
"5507" 63 50 0
"5508" 63 51 0
"5509" 63 52 0
"5510" 63 53 0
"5511" 63 54 0
"5512" 63 55 0
"5513" 63 56 0
"5514" 63 57 0
"5515" 63 58 0
"5516" 63 59 0
"5517" 63 60 0
"5518" 63 61 0
"5519" 63 62 0
"5520" 63 63 0
"5521" 63 64 0
"5522" 63 65 0
"5523" 63 66 0
"5524" 63 67 0
"5525" 63 68 0
"5526" 63 69 0
"5527" 63 70 0
"5528" 63 71 0
"5529" 63 72 0
"5530" 63 73 0
"5531" 63 74 0
"5532" 63 75 0
"5533" 63 76 0
"5534" 63 77 0
"5535" 63 78 0
"5536" 63 79 0
"5537" 63 80 0
"5538" 63 81 0
"5539" 63 82 0
"5540" 63 83 0
"5541" 63 84 0
"5542" 63 85 0
"5543" 63 86 0
"5544" 63 87 0
"5545" 64 1 0
"5546" 64 2 0
"5547" 64 3 0
"5548" 64 4 0
"5549" 64 5 0
"5550" 64 6 0
"5551" 64 7 0
"5552" 64 8 0
"5553" 64 9 0
"5554" 64 10 0
"5555" 64 11 0
"5556" 64 12 0
"5557" 64 13 0
"5558" 64 14 0
"5559" 64 15 0
"5560" 64 16 0
"5561" 64 17 0
"5562" 64 18 0
"5563" 64 19 0
"5564" 64 20 0
"5565" 64 21 0
"5566" 64 22 0
"5567" 64 23 0
"5568" 64 24 0
"5569" 64 25 0
"5570" 64 26 0
"5571" 64 27 0
"5572" 64 28 0
"5573" 64 29 0
"5574" 64 30 0
"5575" 64 31 0
"5576" 64 32 0
"5577" 64 33 0
"5578" 64 34 0
"5579" 64 35 0
"5580" 64 36 0
"5581" 64 37 0
"5582" 64 38 0
"5583" 64 39 0
"5584" 64 40 0
"5585" 64 41 0
"5586" 64 42 0
"5587" 64 43 0
"5588" 64 44 0
"5589" 64 45 0
"5590" 64 46 0
"5591" 64 47 0
"5592" 64 48 0
"5593" 64 49 0
"5594" 64 50 0
"5595" 64 51 0
"5596" 64 52 0
"5597" 64 53 0
"5598" 64 54 0
"5599" 64 55 0
"5600" 64 56 0
"5601" 64 57 0
"5602" 64 58 0
"5603" 64 59 0
"5604" 64 60 0
"5605" 64 61 0
"5606" 64 62 0
"5607" 64 63 0
"5608" 64 64 0
"5609" 64 65 0
"5610" 64 66 0
"5611" 64 67 0
"5612" 64 68 0
"5613" 64 69 0
"5614" 64 70 0
"5615" 64 71 0
"5616" 64 72 0
"5617" 64 73 0
"5618" 64 74 0
"5619" 64 75 0
"5620" 64 76 0
"5621" 64 77 0
"5622" 64 78 0
"5623" 64 79 0
"5624" 64 80 0
"5625" 64 81 0
"5626" 64 82 0
"5627" 64 83 0
"5628" 64 84 0
"5629" 64 85 0
"5630" 64 86 0
"5631" 64 87 0
"5632" 65 1 0
"5633" 65 2 0
"5634" 65 3 0
"5635" 65 4 0
"5636" 65 5 0
"5637" 65 6 0
"5638" 65 7 0
"5639" 65 8 0
"5640" 65 9 0
"5641" 65 10 0
"5642" 65 11 0
"5643" 65 12 0
"5644" 65 13 0
"5645" 65 14 0
"5646" 65 15 0
"5647" 65 16 0
"5648" 65 17 0
"5649" 65 18 0
"5650" 65 19 0
"5651" 65 20 0
"5652" 65 21 0
"5653" 65 22 0
"5654" 65 23 0
"5655" 65 24 0
"5656" 65 25 0
"5657" 65 26 0
"5658" 65 27 0
"5659" 65 28 0
"5660" 65 29 0
"5661" 65 30 0
"5662" 65 31 0
"5663" 65 32 0
"5664" 65 33 0
"5665" 65 34 0
"5666" 65 35 0
"5667" 65 36 0
"5668" 65 37 0
"5669" 65 38 0
"5670" 65 39 0
"5671" 65 40 0
"5672" 65 41 0
"5673" 65 42 0
"5674" 65 43 0
"5675" 65 44 0
"5676" 65 45 0
"5677" 65 46 0
"5678" 65 47 0
"5679" 65 48 0
"5680" 65 49 0
"5681" 65 50 0
"5682" 65 51 0
"5683" 65 52 0
"5684" 65 53 0
"5685" 65 54 0
"5686" 65 55 0
"5687" 65 56 0
"5688" 65 57 0
"5689" 65 58 0
"5690" 65 59 0
"5691" 65 60 0
"5692" 65 61 0
"5693" 65 62 0
"5694" 65 63 0
"5695" 65 64 0
"5696" 65 65 0
"5697" 65 66 0
"5698" 65 67 0
"5699" 65 68 0
"5700" 65 69 0
"5701" 65 70 0
"5702" 65 71 0
"5703" 65 72 0
"5704" 65 73 0
"5705" 65 74 0
"5706" 65 75 0
"5707" 65 76 0
"5708" 65 77 0
"5709" 65 78 0
"5710" 65 79 0
"5711" 65 80 0
"5712" 65 81 0
"5713" 65 82 0
"5714" 65 83 0
"5715" 65 84 0
"5716" 65 85 0
"5717" 65 86 0
"5718" 65 87 0
"5719" 66 4 0
"5720" 66 5 0
"5721" 66 6 0
"5722" 66 7 0
"5723" 66 8 0
"5724" 66 9 0
"5725" 66 10 0
"5726" 66 11 0
"5727" 66 12 0
"5728" 66 13 0
"5729" 66 14 0
"5730" 66 15 0
"5731" 66 16 0
"5732" 66 17 0
"5733" 66 18 0
"5734" 66 19 0
"5735" 66 20 0
"5736" 66 21 0
"5737" 66 22 0
"5738" 66 23 0
"5739" 66 24 0
"5740" 66 25 0
"5741" 66 26 0
"5742" 66 27 0
"5743" 66 28 0
"5744" 66 29 0
"5745" 66 30 0
"5746" 66 31 0
"5747" 66 32 0
"5748" 66 33 0
"5749" 66 34 0
"5750" 66 35 0
"5751" 66 36 0
"5752" 66 37 0
"5753" 66 38 0
"5754" 66 39 0
"5755" 66 40 0
"5756" 66 41 0
"5757" 66 42 0
"5758" 66 43 0
"5759" 66 44 0
"5760" 66 45 0
"5761" 66 46 0
"5762" 66 47 0
"5763" 66 48 0
"5764" 66 49 0
"5765" 66 50 0
"5766" 66 51 0
"5767" 66 52 0
"5768" 66 53 0
"5769" 66 54 0
"5770" 66 55 0
"5771" 66 56 0
"5772" 66 57 0
"5773" 66 58 0
"5774" 66 59 0
"5775" 66 60 0
"5776" 66 61 0
"5777" 66 62 0
"5778" 66 63 0
"5779" 66 64 0
"5780" 66 65 0
"5781" 66 66 0
"5782" 66 67 0
"5783" 66 68 0
"5784" 66 69 0
"5785" 66 70 0
"5786" 66 71 0
"5787" 66 72 0
"5788" 66 73 0
"5789" 66 74 0
"5790" 66 75 0
"5791" 66 76 0
"5792" 66 77 0
"5793" 66 78 0
"5794" 66 79 0
"5795" 66 80 0
"5796" 66 81 0
"5797" 66 82 0
"5798" 66 83 0
"5799" 66 84 0
"5800" 66 85 0
"5801" 66 86 0
"5802" 66 87 0
"5803" 67 1 0
"5804" 67 12 0
"5805" 67 13 0
"5806" 67 14 0
"5807" 67 15 0
"5808" 67 16 0
"5809" 67 17 0
"5810" 67 18 0
"5811" 67 19 0
"5812" 67 20 0
"5813" 67 21 0
"5814" 67 22 0
"5815" 67 23 0
"5816" 67 24 0
"5817" 67 25 0
"5818" 67 26 0
"5819" 67 27 0
"5820" 67 28 0
"5821" 67 29 0
"5822" 67 30 0
"5823" 67 31 0
"5824" 67 32 0
"5825" 67 33 0
"5826" 67 34 0
"5827" 67 35 0
"5828" 67 36 0
"5829" 67 37 0
"5830" 67 38 0
"5831" 67 39 0
"5832" 67 40 0
"5833" 67 41 0
"5834" 67 42 0
"5835" 67 43 0
"5836" 67 44 0
"5837" 67 45 0
"5838" 67 46 0
"5839" 67 47 0
"5840" 67 48 0
"5841" 67 49 0
"5842" 67 50 0
"5843" 67 51 0
"5844" 67 52 0
"5845" 67 53 0
"5846" 67 54 0
"5847" 67 55 0
"5848" 67 56 0
"5849" 67 57 0
"5850" 67 58 0
"5851" 67 59 0
"5852" 67 60 0
"5853" 67 61 0
"5854" 67 62 0
"5855" 67 63 0
"5856" 67 64 0
"5857" 67 65 0
"5858" 67 66 0
"5859" 67 67 0
"5860" 67 68 0
"5861" 67 69 0
"5862" 67 70 0
"5863" 67 71 0
"5864" 67 72 0
"5865" 67 73 0
"5866" 67 74 0
"5867" 67 75 0
"5868" 67 76 0
"5869" 67 77 0
"5870" 67 78 0
"5871" 67 79 0
"5872" 67 80 0
"5873" 67 81 0
"5874" 67 82 0
"5875" 67 83 0
"5876" 67 84 0
"5877" 67 85 0
"5878" 67 86 0
"5879" 67 87 0
"5880" 68 1 0
"5881" 68 2 0
"5882" 68 3 0
"5883" 68 4 0
"5884" 68 5 0
"5885" 68 6 0
"5886" 68 7 0
"5887" 68 8 0
"5888" 68 19 0
"5889" 68 20 0
"5890" 68 21 0
"5891" 68 22 0
"5892" 68 23 0
"5893" 68 24 0
"5894" 68 25 0
"5895" 68 26 0
"5896" 68 27 0
"5897" 68 28 0
"5898" 68 29 0
"5899" 68 30 0
"5900" 68 31 0
"5901" 68 32 0
"5902" 68 33 0
"5903" 68 34 0
"5904" 68 35 0
"5905" 68 36 0
"5906" 68 37 0
"5907" 68 38 0
"5908" 68 39 0
"5909" 68 40 0
"5910" 68 41 0
"5911" 68 42 0
"5912" 68 43 0
"5913" 68 44 0
"5914" 68 45 0
"5915" 68 46 0
"5916" 68 47 0
"5917" 68 48 0
"5918" 68 49 0
"5919" 68 50 0
"5920" 68 51 0
"5921" 68 52 0
"5922" 68 53 0
"5923" 68 54 0
"5924" 68 55 0
"5925" 68 56 0
"5926" 68 57 0
"5927" 68 58 0
"5928" 68 59 0
"5929" 68 60 0
"5930" 68 61 0
"5931" 68 62 0
"5932" 68 63 0
"5933" 68 64 0
"5934" 68 65 0
"5935" 68 66 0
"5936" 68 67 0
"5937" 68 68 0
"5938" 68 69 0
"5939" 68 70 0
"5940" 68 71 0
"5941" 68 72 0
"5942" 68 73 0
"5943" 68 74 0
"5944" 68 75 0
"5945" 68 76 0
"5946" 68 77 0
"5947" 68 78 0
"5948" 68 79 0
"5949" 68 80 0
"5950" 68 81 0
"5951" 68 82 0
"5952" 68 83 0
"5953" 68 84 0
"5954" 68 85 0
"5955" 68 86 0
"5956" 68 87 0
"5957" 69 1 0
"5958" 69 2 0
"5959" 69 3 0
"5960" 69 4 0
"5961" 69 5 0
"5962" 69 6 0
"5963" 69 7 0
"5964" 69 8 0
"5965" 69 9 0
"5966" 69 10 0
"5967" 69 11 0
"5968" 69 12 0
"5969" 69 13 0
"5970" 69 14 0
"5971" 69 25 0
"5972" 69 26 0
"5973" 69 27 0
"5974" 69 28 0
"5975" 69 29 0
"5976" 69 30 0
"5977" 69 31 0
"5978" 69 32 0
"5979" 69 33 0
"5980" 69 34 0
"5981" 69 35 0
"5982" 69 36 0
"5983" 69 37 0
"5984" 69 38 0
"5985" 69 39 0
"5986" 69 40 0
"5987" 69 41 0
"5988" 69 42 0
"5989" 69 43 0
"5990" 69 44 0
"5991" 69 45 0
"5992" 69 46 0
"5993" 69 47 0
"5994" 69 48 0
"5995" 69 49 0
"5996" 69 50 0
"5997" 69 51 0
"5998" 69 52 0
"5999" 69 53 0
"6000" 69 54 0
"6001" 69 55 0
"6002" 69 56 0
"6003" 69 57 0
"6004" 69 58 0
"6005" 69 59 0
"6006" 69 60 0
"6007" 69 61 0
"6008" 69 62 0
"6009" 69 63 0
"6010" 69 64 0
"6011" 69 65 0
"6012" 69 66 0
"6013" 69 67 0
"6014" 69 68 0
"6015" 69 69 0
"6016" 69 70 0
"6017" 69 71 0
"6018" 69 72 0
"6019" 69 73 0
"6020" 69 74 0
"6021" 69 75 0
"6022" 69 76 0
"6023" 69 77 0
"6024" 69 78 0
"6025" 69 79 0
"6026" 69 80 0
"6027" 69 81 0
"6028" 69 82 0
"6029" 69 83 0
"6030" 69 84 0
"6031" 69 85 0
"6032" 69 86 0
"6033" 69 87 0
"6034" 70 1 0
"6035" 70 2 0
"6036" 70 3 0
"6037" 70 4 0
"6038" 70 5 0
"6039" 70 6 0
"6040" 70 7 0
"6041" 70 8 0
"6042" 70 9 0
"6043" 70 10 0
"6044" 70 11 0
"6045" 70 12 0
"6046" 70 13 0
"6047" 70 14 0
"6048" 70 15 0
"6049" 70 16 0
"6050" 70 17 0
"6051" 70 18 0
"6052" 70 19 0
"6053" 70 20 0
"6054" 70 21 0
"6055" 70 32 0
"6056" 70 33 0
"6057" 70 34 0
"6058" 70 35 0
"6059" 70 36 0
"6060" 70 37 0
"6061" 70 38 0
"6062" 70 39 0
"6063" 70 40 0
"6064" 70 41 0
"6065" 70 42 0
"6066" 70 43 0
"6067" 70 44 0
"6068" 70 45 0
"6069" 70 46 0
"6070" 70 47 0
"6071" 70 48 0
"6072" 70 49 0
"6073" 70 50 0
"6074" 70 51 0
"6075" 70 52 0
"6076" 70 53 0
"6077" 70 54 0
"6078" 70 55 0
"6079" 70 56 0
"6080" 70 57 0
"6081" 70 58 0
"6082" 70 59 0
"6083" 70 60 0
"6084" 70 61 0
"6085" 70 62 0
"6086" 70 63 0
"6087" 70 64 0
"6088" 70 65 0
"6089" 70 66 0
"6090" 70 67 0
"6091" 70 68 0
"6092" 70 69 0
"6093" 70 70 0
"6094" 70 71 0
"6095" 70 72 0
"6096" 70 73 0
"6097" 70 74 0
"6098" 70 75 0
"6099" 70 76 0
"6100" 70 77 0
"6101" 70 78 0
"6102" 70 79 0
"6103" 70 80 0
"6104" 70 81 0
"6105" 70 82 0
"6106" 70 83 0
"6107" 70 84 0
"6108" 70 85 0
"6109" 70 86 0
"6110" 70 87 0
"6111" 71 1 0
"6112" 71 2 0
"6113" 71 3 0
"6114" 71 4 0
"6115" 71 5 0
"6116" 71 6 0
"6117" 71 7 0
"6118" 71 8 0
"6119" 71 9 0
"6120" 71 10 0
"6121" 71 11 0
"6122" 71 12 0
"6123" 71 13 0
"6124" 71 14 0
"6125" 71 15 0
"6126" 71 16 0
"6127" 71 17 0
"6128" 71 18 0
"6129" 71 19 0
"6130" 71 20 0
"6131" 71 21 0
"6132" 71 22 0
"6133" 71 23 0
"6134" 71 24 0
"6135" 71 25 0
"6136" 71 26 0
"6137" 71 27 0
"6138" 71 28 0
"6139" 71 39 0
"6140" 71 40 0
"6141" 71 41 0
"6142" 71 42 0
"6143" 71 43 0
"6144" 71 44 0
"6145" 71 45 0
"6146" 71 46 0
"6147" 71 47 0
"6148" 71 48 0
"6149" 71 49 0
"6150" 71 50 0
"6151" 71 51 0
"6152" 71 52 0
"6153" 71 53 0
"6154" 71 54 0
"6155" 71 55 0
"6156" 71 56 0
"6157" 71 57 0
"6158" 71 58 0
"6159" 71 59 0
"6160" 71 60 0
"6161" 71 61 0
"6162" 71 62 0
"6163" 71 63 0
"6164" 71 64 0
"6165" 71 65 0
"6166" 71 66 0
"6167" 71 67 0
"6168" 71 68 0
"6169" 71 69 0
"6170" 71 70 0
"6171" 71 71 0
"6172" 71 72 0
"6173" 71 73 0
"6174" 71 74 0
"6175" 71 75 0
"6176" 71 76 0
"6177" 71 77 0
"6178" 71 78 0
"6179" 71 79 0
"6180" 71 80 0
"6181" 71 81 0
"6182" 71 82 0
"6183" 71 83 0
"6184" 71 84 0
"6185" 71 85 0
"6186" 71 86 0
"6187" 71 87 0
"6188" 72 1 0
"6189" 72 2 0
"6190" 72 3 0
"6191" 72 4 0
"6192" 72 5 0
"6193" 72 6 0
"6194" 72 7 0
"6195" 72 8 0
"6196" 72 9 0
"6197" 72 10 0
"6198" 72 11 0
"6199" 72 12 0
"6200" 72 13 0
"6201" 72 14 0
"6202" 72 15 0
"6203" 72 16 0
"6204" 72 17 0
"6205" 72 18 0
"6206" 72 19 0
"6207" 72 20 0
"6208" 72 21 0
"6209" 72 22 0
"6210" 72 23 0
"6211" 72 24 0
"6212" 72 25 0
"6213" 72 26 0
"6214" 72 27 0
"6215" 72 28 0
"6216" 72 29 0
"6217" 72 30 0
"6218" 72 31 0
"6219" 72 32 0
"6220" 72 33 0
"6221" 72 34 0
"6222" 72 45 0
"6223" 72 46 0
"6224" 72 47 0
"6225" 72 48 0
"6226" 72 49 0
"6227" 72 50 0
"6228" 72 51 0
"6229" 72 52 0
"6230" 72 53 0
"6231" 72 54 0
"6232" 72 55 0
"6233" 72 56 0
"6234" 72 57 0
"6235" 72 58 0
"6236" 72 59 0
"6237" 72 60 0
"6238" 72 61 0
"6239" 72 62 0
"6240" 72 63 0
"6241" 72 64 0
"6242" 72 65 0
"6243" 72 66 0
"6244" 72 67 0
"6245" 72 68 0
"6246" 72 69 0
"6247" 72 70 0
"6248" 72 71 0
"6249" 72 72 0
"6250" 72 73 0
"6251" 72 74 0
"6252" 72 75 0
"6253" 72 76 0
"6254" 72 77 0
"6255" 72 78 0
"6256" 72 79 0
"6257" 72 80 0
"6258" 72 81 0
"6259" 72 82 0
"6260" 72 83 0
"6261" 72 84 0
"6262" 72 85 0
"6263" 72 86 0
"6264" 72 87 0
